<?xml version="1.0" encoding="UTF-8"?>
<document version="1.5.0">
  <chunk label="Chunk 1" enabled="true">
    <sensors next_id="32">
      <sensor id="0" label="unknown" type="frame">
        <resolution width="1024" height="1600"/>
        <property name="layer_index" value="0"/>
        <bands>
          <band label="Red"/>
          <band label="Green"/>
          <band label="Blue"/>
        </bands>
        <data_type>uint8</data_type>
        <calibration type="frame" class="adjusted">
          <resolution width="1024" height="1600"/>
          <f>0.00405297485892526</f>
          <cx>432674.726357064</cx>
          <cy>-518295.810605503</cy>
          <k1>-192397737.297814</k1>
          <k2>953998.472453315</k2>
          <k3>-1037.91289599795</k3>
          <p1>303406512.009916</p1>
          <p2>216973743.52524</p2>
        </calibration>
      </sensor>
      <sensor id="1" label="unknown" type="frame">
        <resolution width="1600" height="1161"/>
        <property name="layer_index" value="0"/>
        <bands>
          <band/>
        </bands>
        <data_type>uint8</data_type>
        <calibration type="frame" class="adjusted">
          <resolution width="1600" height="1161"/>
          <f>2284.49372769556</f>
        </calibration>
      </sensor>
      <sensor id="2" label="unknown" type="frame">
        <resolution width="1054" height="1600"/>
        <property name="layer_index" value="0"/>
        <bands>
          <band/>
        </bands>
        <data_type>uint8</data_type>
        <calibration type="frame" class="adjusted">
          <resolution width="1054" height="1600"/>
          <f>5.98226764769147</f>
          <cx>-2194527.2863435</cx>
          <cy>-1259825.0591922</cy>
          <k1>18937.4538267782</k1>
          <k2>-24.4890170632651</k2>
          <k3>-0.0069138375544798</k3>
          <p1>45781.9681244059</p1>
          <p2>6419.63368108776</p2>
        </calibration>
      </sensor>
      <sensor id="3" label="unknown" type="frame">
        <resolution width="1135" height="1600"/>
        <property name="layer_index" value="0"/>
        <bands>
          <band/>
        </bands>
        <data_type>uint8</data_type>
        <calibration type="frame" class="adjusted">
          <resolution width="1135" height="1600"/>
          <f>0.0770878111818921</f>
          <cx>944755.263218799</cx>
          <cy>-2162565.69181379</cy>
          <k1>201655.722143555</k1>
          <k2>-5664.94016168186</k2>
          <k3>1.47226857918237</k3>
          <p1>-726545.374006395</p1>
          <p2>1777397.57164274</p2>
        </calibration>
      </sensor>
      <sensor id="4" label="unknown" type="frame">
        <resolution width="1600" height="1152"/>
        <property name="layer_index" value="0"/>
        <bands>
          <band/>
        </bands>
        <data_type>uint8</data_type>
        <calibration type="frame" class="adjusted">
          <resolution width="1600" height="1152"/>
          <f>31.7487399415928</f>
          <cx>-3919188.86487321</cx>
          <cy>-1561529.76421889</cy>
          <k1>-6509.0197754338</k1>
          <k2>48.6005278198731</k2>
          <k3>-0.000757466547349757</k3>
          <p1>1425.99164756582</p1>
          <p2>160.333380637457</p2>
        </calibration>
      </sensor>
      <sensor id="5" label="unknown" type="frame">
        <resolution width="1581" height="1218"/>
        <property name="layer_index" value="0"/>
        <bands>
          <band/>
        </bands>
        <data_type>uint8</data_type>
        <calibration type="frame" class="adjusted">
          <resolution width="1581" height="1218"/>
          <f>0.0465703975454962</f>
          <cx>-1229584.58607708</cx>
          <cy>-467460.183242491</cy>
          <k1>-8931082.22171221</k1>
          <k2>450957.496305564</k2>
          <k3>-4588.17795603754</k3>
          <p1>556813.8929187</p1>
          <p2>-1026576.12765652</p2>
        </calibration>
      </sensor>
      <sensor id="6" label="unknown" type="frame">
        <resolution width="1059" height="1600"/>
        <property name="layer_index" value="0"/>
        <bands>
          <band/>
        </bands>
        <data_type>uint8</data_type>
        <calibration type="frame" class="adjusted">
          <resolution width="1059" height="1600"/>
          <f>-1.61136300242509</f>
          <cx>-2984037.53695512</cx>
          <cy>4555542.41845281</cy>
          <k1>-712212.144637848</k1>
          <k2>11558.111138166</k2>
          <k3>-46.5001940481695</k3>
          <p1>14470.1582982727</p1>
          <p2>-29709.2914358181</p2>
        </calibration>
      </sensor>
      <sensor id="7" label="unknown" type="frame">
        <resolution width="1600" height="1110"/>
        <property name="layer_index" value="0"/>
        <bands>
          <band/>
        </bands>
        <data_type>uint8</data_type>
        <calibration type="frame" class="adjusted">
          <resolution width="1600" height="1110"/>
          <f>-15.4907719357273</f>
          <cx>113877325.522928</cx>
          <cy>31726216.1304195</cy>
          <k1>15135560.2468462</k1>
          <k2>-1254431.36442313</k2>
          <k3>14002.2239408848</k3>
          <p1>3196984.11435261</p1>
          <p2>-4409021.06775611</p2>
        </calibration>
      </sensor>
      <sensor id="8" label="unknown" type="frame">
        <resolution width="1600" height="1178"/>
        <property name="layer_index" value="0"/>
        <bands>
          <band/>
        </bands>
        <data_type>uint8</data_type>
        <calibration type="frame" class="adjusted">
          <resolution width="1600" height="1178"/>
          <f>2296.08664664226</f>
        </calibration>
      </sensor>
      <sensor id="9" label="unknown" type="frame">
        <resolution width="1600" height="1154"/>
        <property name="layer_index" value="0"/>
        <bands>
          <band/>
        </bands>
        <data_type>uint8</data_type>
        <calibration type="frame" class="adjusted">
          <resolution width="1600" height="1154"/>
          <f>-16252.250437393</f>
          <cx>22585107376.4004</cx>
          <cy>-12013451318.2095</cy>
          <k1>180914.337148879</k1>
          <k2>61868.6660434793</k2>
          <k3>-592.607626055684</k3>
          <p1>1929321.36289698</p1>
          <p2>-2720744.63717858</p2>
        </calibration>
      </sensor>
      <sensor id="10" label="unknown" type="frame">
        <resolution width="1600" height="1169"/>
        <property name="layer_index" value="0"/>
        <bands>
          <band/>
        </bands>
        <data_type>uint8</data_type>
        <calibration type="frame" class="adjusted">
          <resolution width="1600" height="1169"/>
          <f>0.00101860691061775</f>
          <cx>-262.573092637487</cx>
          <cy>-113.574204311453</cy>
          <k1>-45745.788732563</k1>
          <k2>2282.80172199309</k2>
          <k3>-31.0082628437696</k3>
          <p1>-45.2420386938739</p1>
          <p2>315.467919290628</p2>
        </calibration>
      </sensor>
      <sensor id="11" label="unknown" type="frame">
        <resolution width="1593" height="1206"/>
        <property name="layer_index" value="0"/>
        <bands>
          <band/>
        </bands>
        <data_type>uint8</data_type>
        <calibration type="frame" class="adjusted">
          <resolution width="1593" height="1206"/>
          <f>441146.638771235</f>
          <cx>187059479318440</cx>
          <cy>1852730114860.77</cy>
          <k1>3058151331.75723</k1>
          <k2>-18438317145.5977</k2>
          <k3>23721231469.6176</k3>
          <p1>-763982690.762014</p1>
          <p2>653389007.236832</p2>
        </calibration>
      </sensor>
      <sensor id="12" label="unknown" type="frame">
        <resolution width="1600" height="1180"/>
        <property name="layer_index" value="0"/>
        <bands>
          <band/>
        </bands>
        <data_type>uint8</data_type>
        <calibration type="frame" class="adjusted">
          <resolution width="1600" height="1180"/>
          <f>0.0007084326070174</f>
          <cx>-402.749704031909</cx>
          <cy>-1129.92139416396</cy>
          <k1>-35975527.6008333</k1>
          <k2>207123.092588199</k2>
          <k3>-267.628840270021</k3>
          <p1>929329.281185396</p1>
          <p2>-1516191.86521249</p2>
        </calibration>
      </sensor>
      <sensor id="13" label="unknown" type="frame">
        <resolution width="1600" height="1148"/>
        <property name="layer_index" value="0"/>
        <bands>
          <band/>
        </bands>
        <data_type>uint8</data_type>
        <calibration type="frame" class="adjusted">
          <resolution width="1600" height="1148"/>
          <f>-0.41868138423166</f>
          <cx>74.136786551148</cx>
          <cy>1666.60288351788</cy>
          <k1>-1992.76004521927</k1>
          <k2>-339.856977376509</k2>
          <k3>64.6735970850472</k3>
          <p1>-493.536346737339</p1>
          <p2>2376.09223737508</p2>
        </calibration>
      </sensor>
      <sensor id="14" label="unknown" type="frame">
        <resolution width="1128" height="1600"/>
        <property name="layer_index" value="0"/>
        <bands>
          <band/>
        </bands>
        <data_type>uint8</data_type>
        <calibration type="frame" class="adjusted">
          <resolution width="1128" height="1600"/>
          <f>-280.017250989284</f>
          <cx>-232222855863.774</cx>
          <cy>45886774186.7371</cy>
          <k1>-1617256088.46183</k1>
          <k2>248805903.084056</k2>
          <k3>-3121949.08001188</k3>
          <p1>-259283899.618121</p1>
          <p2>444823563.416918</p2>
        </calibration>
      </sensor>
      <sensor id="15" label="unknown" type="frame">
        <resolution width="1600" height="1132"/>
        <property name="layer_index" value="0"/>
        <bands>
          <band/>
        </bands>
        <data_type>uint8</data_type>
        <calibration type="frame" class="adjusted">
          <resolution width="1600" height="1132"/>
          <f>-5.12953842448539e-005</f>
          <cx>63.0870353711867</cx>
          <cy>-265.381250862677</cy>
          <k1>-58895.9704494012</k1>
          <k2>1283.65983615326</k2>
          <k3>-3.07887100217477</k3>
          <p1>41116.9755293631</p1>
          <p2>76292.654036279</p2>
        </calibration>
      </sensor>
      <sensor id="16" label="unknown" type="frame">
        <resolution width="1600" height="1125"/>
        <property name="layer_index" value="0"/>
        <bands>
          <band/>
        </bands>
        <data_type>uint8</data_type>
        <calibration type="frame" class="adjusted">
          <resolution width="1600" height="1125"/>
          <f>0.144002513979492</f>
          <cx>-14158.0429328978</cx>
          <cy>-36959.594182709</cy>
          <k1>914.116830948885</k1>
          <k2>-5.95803631646911</k2>
          <k3>0.00105392481785245</k3>
          <p1>1581.58639536714</p1>
          <p2>-3046.16350313538</p2>
        </calibration>
      </sensor>
      <sensor id="17" label="unknown" type="frame">
        <resolution width="1064" height="1600"/>
        <property name="layer_index" value="0"/>
        <bands>
          <band/>
        </bands>
        <data_type>uint8</data_type>
        <calibration type="frame" class="adjusted">
          <resolution width="1064" height="1600"/>
          <f>-0.035262750372756</f>
          <cx>-80.8567873582288</cx>
          <cy>-548.533741736933</cy>
          <k1>361.998551981218</k1>
          <k2>-22.5085957086486</k2>
          <k3>0.137197668232646</k3>
          <p1>22.2003153023439</p1>
          <p2>30.780553710604</p2>
        </calibration>
      </sensor>
      <sensor id="18" label="unknown" type="frame">
        <resolution width="1036" height="1600"/>
        <property name="layer_index" value="0"/>
        <bands>
          <band/>
        </bands>
        <data_type>uint8</data_type>
        <calibration type="frame" class="adjusted">
          <resolution width="1036" height="1600"/>
          <f>39542.9187604061</f>
          <cx>-1774744984.39831</cx>
          <cy>-409214480.292918</cy>
          <k1>-34347.8192644022</k1>
          <k2>28667.0275353421</k2>
          <k3>-4495.08028207462</k3>
          <p1>1370.23049473071</p1>
          <p2>-2169.62359635883</p2>
        </calibration>
      </sensor>
      <sensor id="19" label="unknown" type="frame">
        <resolution width="1600" height="1046"/>
        <property name="layer_index" value="0"/>
        <bands>
          <band/>
        </bands>
        <data_type>uint8</data_type>
        <rotation fixed="true"/>
        <location fixed="true"/>
        <covariance>
          <params>f cx cy k1 k2 k3 p1 p2</params>
          <coeffs>-8.7950508314208873e+034 6.2439423550672074e+058 -1.4262247357234897e+058 -1.1968725017534171e+053 3.2625974602983438e+052 -9.1305603490973443e+051 8.2462050698557886e+052 3.4220471135088800e+052 6.2439423550672074e+058 1.3962149827434026e+083 -3.1891929534534992e+082 5.8793088745617081e+076 3.6707501717905084e+076 -1.3508227101957729e+076 -5.3476450245337773e+076 -3.1845183274644599e+076 -1.4262247357234897e+058 -3.1891929534534992e+082 7.2846670425406875e+081 -1.3429352952381382e+076 -8.3846278364093525e+075 3.0855106690321725e+075 1.2214948213998721e+076 7.2739913213992183e+075 -1.1968725017534171e+053 5.8793088745617081e+076 -1.3429352952381382e+076 -1.5915083791882157e+071 3.5879004379284970e+070 -9.5805149798723700e+069 1.1149728804339380e+071 4.7643384816350331e+070 3.2625974602983438e+052 3.6707501717905084e+076 -8.3846278364093525e+075 3.5879004379284970e+070 7.3829554405150438e+069 -3.1191910640527410e+069 -2.8940990646415358e+070 -1.5151911360546690e+070 -9.1305603490973443e+051 -1.3508227101957729e+076 3.0855106690321725e+075 -9.5805149798723700e+069 -3.1191910640527410e+069 1.2245263749397548e+069 8.0101843279097592e+069 4.3731543325254969e+069 8.2462050698557886e+052 -5.3476450245337773e+076 1.2214948213998721e+076 1.1149728804339380e+071 -2.8940990646415358e+070 8.0101843279097592e+069 -7.7176547623084029e+070 -3.2292949375981530e+070 3.4220471135088800e+052 -3.1845183274644599e+076 7.2739913213992183e+075 4.7643384816350331e+070 -1.5151911360546690e+070 4.3731543325254969e+069 -3.2292949375981530e+070 -1.3004824471883866e+070</coeffs>
        </covariance>
      </sensor>
      <sensor id="20" label="unknown" type="frame">
        <resolution width="1600" height="1158"/>
        <property name="layer_index" value="0"/>
        <bands>
          <band/>
        </bands>
        <data_type>uint8</data_type>
        <calibration type="frame" class="adjusted">
          <resolution width="1600" height="1158"/>
          <f>-5106.18177675267</f>
          <cx>-140166475.613899</cx>
          <cy>-214084096.764991</cy>
          <k1>47899.7851449247</k1>
          <k2>-1317.91929218569</k2>
          <k3>5.57391097555504</k3>
          <p1>-6821.53631760514</p1>
          <p2>5084.04149047258</p2>
        </calibration>
      </sensor>
      <sensor id="21" label="unknown" type="frame">
        <resolution width="1174" height="1600"/>
        <property name="layer_index" value="0"/>
        <bands>
          <band/>
        </bands>
        <data_type>uint8</data_type>
        <calibration type="frame" class="adjusted">
          <resolution width="1174" height="1600"/>
          <f>-2040483087.7483</f>
          <cx>-9.06391262480928e+017</cx>
          <cy>-1.03909686049552e+017</cy>
          <k1>1669761587.19064</k1>
          <k2>972101401.983428</k2>
          <k3>-820972549.362686</k3>
          <p1>-748896895.40616</p1>
          <p2>-85854351.7147885</p2>
        </calibration>
      </sensor>
      <sensor id="22" label="unknown" type="frame">
        <resolution width="1171" height="1600"/>
        <property name="layer_index" value="0"/>
        <bands>
          <band/>
        </bands>
        <data_type>uint8</data_type>
        <calibration type="frame" class="adjusted">
          <resolution width="1171" height="1600"/>
          <f>0.000672892381767945</f>
          <cx>-1379.19596701354</cx>
          <cy>1670.94822670486</cy>
          <k1>250843925.44184</k1>
          <k2>-2552592.84468663</k2>
          <k3>-932009.39176174</k3>
          <p1>145166564.111045</p1>
          <p2>-74729555.0966418</p2>
        </calibration>
      </sensor>
      <sensor id="23" label="unknown" type="frame">
        <resolution width="1166" height="1600"/>
        <property name="layer_index" value="0"/>
        <bands>
          <band/>
        </bands>
        <data_type>uint8</data_type>
        <calibration type="frame" class="adjusted">
          <resolution width="1166" height="1600"/>
          <f>2287.89199621066</f>
        </calibration>
      </sensor>
      <sensor id="24" label="unknown" type="frame">
        <resolution width="1179" height="1600"/>
        <property name="layer_index" value="0"/>
        <bands>
          <band/>
        </bands>
        <data_type>uint8</data_type>
        <calibration type="frame" class="adjusted">
          <resolution width="1179" height="1600"/>
          <f>2296.77199388192</f>
        </calibration>
      </sensor>
      <sensor id="25" label="unknown" type="frame">
        <resolution width="1600" height="1071"/>
        <property name="layer_index" value="0"/>
        <bands>
          <band/>
        </bands>
        <data_type>uint8</data_type>
        <calibration type="frame" class="adjusted">
          <resolution width="1600" height="1071"/>
          <f>11.8458403123599</f>
          <cx>3275851821.19472</cx>
          <cy>2566312664.75887</cy>
          <k1>3406333.36196291</k1>
          <k2>-255516.470056597</k2>
          <k3>1436.73021521123</k3>
          <p1>471312.803170875</p1>
          <p2>411570.925538401</p2>
        </calibration>
      </sensor>
      <sensor id="26" label="unknown" type="frame">
        <resolution width="1600" height="1184"/>
        <property name="layer_index" value="0"/>
        <bands>
          <band/>
        </bands>
        <data_type>uint8</data_type>
        <calibration type="frame" class="adjusted">
          <resolution width="1600" height="1184"/>
          <f>31.8725353341848</f>
          <cx>-7844344.2448012</cx>
          <cy>-434394.393788212</cy>
          <k1>-964188.312601508</k1>
          <k2>62591.4061586279</k2>
          <k3>-67.2859067092056</k3>
          <p1>1375.5185223828</p1>
          <p2>723.303349900327</p2>
        </calibration>
      </sensor>
      <sensor id="27" label="unknown" type="frame">
        <resolution width="1061" height="1600"/>
        <property name="layer_index" value="0"/>
        <bands>
          <band/>
        </bands>
        <data_type>uint8</data_type>
        <calibration type="frame" class="adjusted">
          <resolution width="1061" height="1600"/>
          <f>-0.0648651867367826</f>
          <cx>-15415721.4123264</cx>
          <cy>22021199.2995673</cy>
          <k1>144480273.649621</k1>
          <k2>32908860.7576104</k2>
          <k3>-199582.359986872</k3>
          <p1>3267536.16792688</p1>
          <p2>2136506.83911046</p2>
        </calibration>
      </sensor>
      <sensor id="28" label="unknown" type="frame">
        <resolution width="1552" height="1247"/>
        <property name="layer_index" value="0"/>
        <bands>
          <band label="Red"/>
          <band label="Green"/>
          <band label="Blue"/>
        </bands>
        <data_type>uint8</data_type>
        <calibration type="frame" class="adjusted">
          <resolution width="1552" height="1247"/>
          <f>-4724.38281574481</f>
          <cx>5677579832.19059</cx>
          <cy>-2059605561.22799</cy>
          <k1>-2685989.49675188</k1>
          <k2>731000.131628114</k2>
          <k3>-47954.0999977646</k3>
          <p1>136264.539934408</p1>
          <p2>-49657.9052112151</p2>
        </calibration>
      </sensor>
      <sensor id="29" label="unknown" type="frame">
        <resolution width="1600" height="1137"/>
        <property name="layer_index" value="0"/>
        <bands>
          <band label="Red"/>
          <band label="Green"/>
          <band label="Blue"/>
        </bands>
        <data_type>uint8</data_type>
        <calibration type="frame" class="adjusted">
          <resolution width="1600" height="1137"/>
          <f>-0.0238498212426253</f>
          <cx>-4301847.77513203</cx>
          <cy>-5100267.0767065</cy>
          <k1>-158519701.135875</k1>
          <k2>-479648.735553115</k2>
          <k3>3.79466437550494</k3>
          <p1>-857653673.727952</p1>
          <p2>-1166444774.49102</p2>
        </calibration>
      </sensor>
      <sensor id="30" label="unknown" type="frame">
        <resolution width="1582" height="1217"/>
        <property name="layer_index" value="0"/>
        <bands>
          <band label="Red"/>
          <band label="Green"/>
          <band label="Blue"/>
        </bands>
        <data_type>uint8</data_type>
        <calibration type="frame" class="adjusted">
          <resolution width="1582" height="1217"/>
          <f>1.64147882435439</f>
          <cx>-5159.95905887987</cx>
          <cy>1633282.75876506</cy>
          <k1>-6544015.36273295</k1>
          <k2>391252.888576263</k2>
          <k3>-1960.23731574327</k3>
          <p1>18124901.0300094</p1>
          <p2>-11787331.9345657</p2>
        </calibration>
      </sensor>
      <sensor id="31" label="unknown" type="frame">
        <resolution width="1233" height="1566"/>
        <property name="layer_index" value="0"/>
        <bands>
          <band label="Red"/>
          <band label="Green"/>
          <band label="Blue"/>
        </bands>
        <data_type>uint8</data_type>
        <calibration type="frame" class="adjusted">
          <resolution width="1233" height="1566"/>
          <f>-37363.3148271476</f>
          <cx>7671705.42942348</cx>
          <cy>-8070660.29860625</cy>
          <k1>1275.7355123404</k1>
          <k2>-133.568741848877</k2>
          <k3>1.78392933595811</k3>
          <p1>245.242542568758</p1>
          <p2>-379.431428592094</p2>
        </calibration>
      </sensor>
    </sensors>
    <cameras next_id="35" next_group_id="0">
      <camera id="0" sensor_id="0" label="df_dat_0008340">
        <transform>8.3468094294333051e-001 5.3122365225625612e-001 1.4528989906650949e-001 -2.9529852129595446e-001 5.4354658845971771e-001 -8.3708602435907487e-001 -6.2000758031822610e-002 -3.3001684097865586e-001 8.8683874864794482e-002 1.3072268015246094e-001 -9.8744455602971604e-001 -8.8624563424532254e-001 0 0 0 1</transform>
      </camera>
      <camera id="1" sensor_id="1" label="df_hauptkatalog_0006380">
        <transform>6.9102057049188859e-001 -6.9763926945443400e-001 1.8918250678154380e-001 -2.8473675953476701e+005 -6.9585502055844994e-001 -5.7120191809756482e-001 4.3533223993320558e-001 -1.6126571129276138e+005 -1.9564345509284048e-001 -4.3246712993792569e-001 -8.8016806349843724e-001 5.8093675020883034e+005 0 0 0 1</transform>
      </camera>
      <camera id="2" sensor_id="2" label="df_hauptkatalog_0006664">
        <transform>4.4059652273412064e-001 8.9727768783411821e-001 2.7702979436531862e-002 2.5477497136915716e+002 8.9083445350411528e-001 -4.3320531825760555e-001 -1.3692015440887839e-001 -9.2803474692544910e+001 -1.1085432154240216e-001 8.5005312471549258e-002 -9.9019463553737153e-001 -5.8857628952582388e+000 0 0 0 1</transform>
      </camera>
      <camera id="3" sensor_id="3" label="df_hauptkatalog_0008027">
        <transform>3.4368020718542203e-001 -7.1239476209639729e-001 -6.1186405199733906e-001 3.5245783751786075e+002 -1.5192329993348230e-001 -6.8514768362657064e-001 7.1238470123835884e-001 4.6025175786126459e+002 -9.2671636768015819e-001 -1.5187611582721661e-001 -3.4370106097440484e-001 6.7718624903122634e+002 0 0 0 1</transform>
      </camera>
      <camera id="4" sensor_id="4" label="df_hauptkatalog_0043485">
        <transform>-9.7808182478225070e-001 -2.8458003943016161e-002 -2.0626702606621811e-001 -1.2027467877217583e+023 -4.2876014243634408e-002 9.9691324288638650e-001 6.5769548883410731e-002 -1.6852753715182941e+024 2.0375865977474988e-001 7.3171908334599092e-002 -9.7628288953431452e-001 -2.1543493610200910e+023 0 0 0 1</transform>
      </camera>
      <camera id="5" sensor_id="5" label="df_hauptkatalog_0043487">
        <transform>3.0540850908350081e-001 8.2844435583229759e-001 -4.6947373927516201e-001 4.4310799705938152e+004 8.2144088230758494e-001 -4.7858496812360296e-001 -3.1014723142382933e-001 -2.8155797793571743e+004 -4.8162279789595697e-001 -2.9092331906490293e-001 -8.2668198418202565e-001 -2.5556248895889650e+004 0 0 0 1</transform>
      </camera>
      <camera id="6" sensor_id="6" label="df_hauptkatalog_0049366">
        <transform>-1.6950427478370605e-001 5.2422773313536142e-001 8.3453794679559645e-001 -9.5134286982183721e+002 -9.5634886869625724e-001 -2.9202759681252571e-001 -1.0803890192410293e-002 -1.2217923160123233e+004 2.3804441218696687e-001 -7.9994072687397355e-001 5.5084452553774210e-001 4.5438161738396053e+002 0 0 0 1</transform>
      </camera>
      <camera id="7" sensor_id="7" label="df_hauptkatalog_0054753">
        <transform>-5.3016324426881534e-001 7.3068705201150441e-001 4.3014342543981943e-001 2.8221420657732207e+001 -7.6799952875224731e-001 -1.9884560187888051e-001 -6.0879976219587317e-001 -3.4112706015172918e+001 -3.5930997517838326e-001 -6.5311320506950610e-001 6.6658794101089647e-001 4.2760899863958144e+001 0 0 0 1</transform>
      </camera>
      <camera id="8" sensor_id="8" label="df_hauptkatalog_0058472">
        <transform>3.9917032104882488e-001 -9.0651211126084530e-001 1.3747307711396634e-001 -2.3810742865638377e+005 -8.7243262692835877e-001 -3.2941215819909309e-001 3.6103869806642436e-001 -2.6149558119309391e+005 -2.8200064940467928e-001 -2.6405193081668693e-001 -9.2236229951539039e-001 9.0218630108036951e+005 0 0 0 1</transform>
      </camera>
      <camera id="9" sensor_id="9" label="df_hauptkatalog_0061803">
        <transform>4.4753621121393383e-001 -6.4079551959414294e-001 6.2377274845920394e-001 -2.2426844098724767e+004 -1.5940504373207168e-001 -7.4351717091081349e-001 -6.4943994995192322e-001 -2.4039081636919051e+004 8.7994395940028647e-001 1.9121537236543665e-001 -4.3489689546614851e-001 -6.8308183550077432e+004 0 0 0 1</transform>
      </camera>
      <camera id="10" sensor_id="10" label="df_hauptkatalog_0102974">
        <transform>-3.8909080074804153e-001 -2.7018425792349665e-001 8.8068655919321126e-001 -9.7625079273292329e+002 -9.0618181928925645e-001 -5.9662475965392647e-002 -4.1865845190476286e-001 -4.1714059565910829e+003 1.6565886382219774e-001 -9.6095830072485899e-001 -2.2162194184044626e-001 1.2408365776771734e+003 0 0 0 1</transform>
      </camera>
      <camera id="11" sensor_id="11" label="df_hauptkatalog_0122960">
        <transform>-7.6346136903991280e-001 6.0987193612448709e-001 2.1256283661889588e-001 -2.8229713473532829e+004 5.0313690869799821e-001 7.6797655517272667e-001 -3.9631459954290504e-001 3.8132513058708093e+004 -4.0494442716195522e-001 -1.9562267821702209e-001 -8.9316951284606394e-001 2.9089738183472346e+004 0 0 0 1</transform>
      </camera>
      <camera id="12" sensor_id="4" label="df_hauptkatalog_0125915">
        <transform>-2.6245726147899334e-001 7.4789966624324156e-001 6.0972311349512998e-001 -6.8608392887859120e+000 -9.6239448590305310e-001 -2.4878465276586409e-001 -1.0910110013912044e-001 5.8263568333492399e+000 7.0093076693388767e-002 -6.1542853832221345e-001 7.8506985346416047e-001 -1.7113135366905837e+001 0 0 0 1</transform>
      </camera>
      <camera id="13" sensor_id="12" label="df_hauptkatalog_0135373">
        <transform>-8.7484148275930640e-001 -4.7761663283069100e-001 8.0837689767652265e-002 3.0532961517644867e+003 4.8413599493860671e-001 -8.6769231602042063e-001 1.1279354203111044e-001 -1.9773949917960068e+004 1.6270170506288456e-002 1.3781290492037154e-001 9.9032463606087529e-001 1.1154820249271813e+003 0 0 0 1</transform>
      </camera>
      <camera id="14" sensor_id="13" label="df_hauptkatalog_0139876">
        <transform>-5.1828314113425000e-001 -6.9340336279854808e-001 5.0057403256229771e-001 -3.5555339494553692e+001 8.5507765024119875e-001 -4.3042099197274897e-001 2.8910202650134609e-001 1.1524037203821108e+003 1.4993254283354934e-002 5.7786637393852569e-001 8.1599366186088407e-001 4.2951851052932892e+002 0 0 0 1</transform>
      </camera>
      <camera id="15" sensor_id="14" label="df_hauptkatalog_0165219">
        <transform>3.7738570859336656e-001 -6.2624166309609819e-001 6.8220334677580974e-001 8.9359741970601635e+002 -3.3432663641588589e-001 5.9485777114372052e-001 7.3100610961384238e-001 1.7420126297113369e+004 -8.6360044414782622e-001 -5.0395000894191677e-001 1.5121552668934810e-002 1.2814125873918270e+004 0 0 0 1</transform>
      </camera>
      <camera id="16" sensor_id="15" label="df_hauptkatalog_0168359">
        <transform>1.8606987080025408e-002 9.4885083458145891e-001 3.1517594093755397e-001 9.4624562729687511e+001 -9.3021216100473703e-001 1.3199666573847713e-001 -3.4246491171041449e-001 2.4361935066736035e+002 -3.6655029061603672e-001 -2.8680825292866574e-001 8.8508864556116940e-001 3.8205175000734592e+000 0 0 0 1</transform>
      </camera>
      <camera id="17" sensor_id="16" label="df_hauptkatalog_0168645">
        <transform>-5.4048758375443517e-001 7.6272146440465671e-001 3.5514664512523308e-001 5.3680877481710958e+000 -8.3898657590130088e-001 -5.2022788106840789e-001 -1.5957592931418302e-001 8.2541430573416203e+000 6.3045200171806121e-002 -3.8421207619684511e-001 9.2108978022764232e-001 -2.6423662509169642e+001 0 0 0 1</transform>
      </camera>
      <camera id="18" sensor_id="17" label="df_hauptkatalog_0211747_003">
        <transform>-3.5335176913512756e-001 8.8202412853640522e-001 3.1173059511166173e-001 7.2468917486879931e+001 -7.7051508882760511e-001 -8.5430454147675805e-002 -6.3167090750889443e-001 7.1065602917506752e+000 -5.3051769540521798e-001 -4.6339515986220370e-001 7.0979990185841813e-001 5.4944680469070050e+001 0 0 0 1</transform>
      </camera>
      <camera id="19" sensor_id="18" label="df_hauptkatalog_0212705_006">
        <transform>-8.9776133213708764e-001 7.1011416499903557e-002 4.3472056455396624e-001 -2.1224646500058388e+005 4.3919960848375555e-001 2.1956934579232334e-001 8.7114465291135623e-001 -3.1210762331291526e+003 -3.3590094182031571e-002 9.7300908583373902e-001 -2.2830905469961948e-001 4.3750601564573204e+004 0 0 0 1</transform>
      </camera>
      <camera id="22" sensor_id="20" label="df_hauptkatalog_0356324">
        <transform>8.7729658232352814e-001 -4.2340571754715511e-001 -2.2600509948192748e-001 1.2337816698332422e+002 2.4255076862400143e-001 7.9746214077966115e-001 -5.5247014277970352e-001 1.2151251557836193e+002 4.1414952768699786e-001 4.2986245750414004e-001 8.0230819286926025e-001 -1.9433249125033348e+002 0 0 0 1</transform>
      </camera>
      <camera id="23" sensor_id="21" label="df_hauptkatalog_0416751"/>
      <camera id="24" sensor_id="22" label="df_hauptkatalog_0416752">
        <transform>6.7424423841822789e-001 -1.4691239307825524e-001 7.2374819911336830e-001 3.9880664776639460e+003 -5.5875942056959516e-001 -7.4228532721661244e-001 3.6986538486813936e-001 -2.8561716657973047e+003 4.8288985999351230e-001 -6.5378072911255714e-001 -5.8257028876908856e-001 9.1002540008261258e+003 0 0 0 1</transform>
      </camera>
      <camera id="25" sensor_id="23" label="df_hauptkatalog_0416753">
        <transform>9.8373900532730785e-001 -8.3548024170547130e-002 -1.5898835509192713e-001 -2.1777615539422180e+011 1.7739799988318211e-001 5.9030788749552143e-001 7.8744304403431076e-001 -1.1310318901757431e+008 2.8062769554795530e-002 -8.0284265308824532e-001 5.9553014646375546e-001 -6.5162596988780975e+007 0 0 0 1</transform>
      </camera>
      <camera id="26" sensor_id="24" label="df_hauptkatalog_0416755">
        <transform>9.7469968278362384e-001 -9.2730009887497133e-002 -2.0337569581385040e-001 -2.1778254714356509e+011 2.1559382257865017e-001 6.3016478870519133e-001 7.4593005217786146e-001 -1.5517264809265137e+006 5.8990101266471986e-002 -7.7090432891663430e-001 6.3421343695176091e-001 -9.8233454611968994e+005 0 0 0 1</transform>
      </camera>
      <camera id="27" sensor_id="25" label="df_hauptkatalog_0429043">
        <transform>6.5973783193421676e-001 7.1675903990211443e-001 -2.2583726847741317e-001 -1.1139528207153476e+003 7.2468936158799568e-001 -6.8634545498647692e-001 -6.1280058914703103e-002 -2.6256401304887379e+002 -1.9892541897888091e-001 -1.2323309270648598e-001 -9.7223571346976934e-001 -5.8904601288149905e+001 0 0 0 1</transform>
      </camera>
      <camera id="28" sensor_id="26" label="df_hauptkatalog_0429053">
        <transform>2.5526997758242054e-001 5.1068935555692441e-001 8.2099550587437631e-001 9.7361001279408651e+002 1.7486600331500410e-001 -8.5950967748910545e-001 4.8027595732787909e-001 9.9992344927262491e+002 9.5092540161134975e-001 2.0964169991368714e-002 -3.0870922264627254e-001 -2.1318473263829160e+003 0 0 0 1</transform>
      </camera>
      <camera id="29" sensor_id="21" label="df_hauptkatalog_0429054_2">
        <transform>-7.8646636060117636e-001 2.1833778908854562e-001 5.7775364429717446e-001 -6.2476028568967450e+008 1.7676142832182468e-001 9.7587236206770367e-001 -1.2817382888104817e-001 2.0986671408387619e+010 -5.9179900397040952e-001 1.3201546597121222e-003 -8.0608448446258141e-001 -2.6832557684254315e+011 0 0 0 1</transform>
      </camera>
      <camera id="30" sensor_id="27" label="df_hauptkatalog_0741057">
        <transform>5.0964815196325497e-001 -2.1884957217164519e-001 -8.3208390560130785e-001 -5.3814132724390311e+003 -8.5829400718664495e-001 -1.9667131846803126e-001 -4.7397446104145458e-001 -5.2091229255832877e+003 -5.9917930771429484e-002 9.5573283780161800e-001 -2.8807045027169331e-001 -2.0634310689331014e+004 0 0 0 1</transform>
      </camera>
      <camera id="31" sensor_id="28" label="df_pos-2012-c_0000033">
        <transform>-3.1172117460300208e-001 -9.0689237901573261e-001 -2.8350682917226033e-001 1.2615255710839003e+007 9.2250944076039065e-001 -2.1738559904991972e-001 -3.1893546844723702e-001 2.0043997461427176e+008 2.2760984383825691e-001 -3.6095666527838494e-001 9.0438047567328206e-001 6.3299485886076989e+004 0 0 0 1</transform>
      </camera>
      <camera id="32" sensor_id="29" label="df_pos-2012-c_0000034">
        <transform>9.8094580650210339e-001 -1.8604525550911490e-002 -1.9338871822048809e-001 2.3558902035722301e+002 -2.3342763924069327e-002 9.7690720464252023e-001 -2.1238509573395734e-001 2.3949166880689879e+002 1.9287415606639224e-001 2.1285249621877242e-001 9.5785874468791821e-001 -1.8403723830884692e+002 0 0 0 1</transform>
      </camera>
      <camera id="33" sensor_id="30" label="df_pos-2012-c_0000037">
        <transform>6.1387748504474515e-001 1.5705067450365268e-001 -7.7362104353041394e-001 -4.0401247212674598e+003 9.8155021310848911e-002 -9.8759031628863359e-001 -1.2260081143444171e-001 -1.1053599296919576e+003 -7.8327519119821842e-001 -6.7291222642881093e-004 -6.2167477192059994e-001 4.4447186005468548e+003 0 0 0 1</transform>
      </camera>
      <camera id="34" sensor_id="31" label="df_pos-2012-c_0000038">
        <transform>-8.6477844003258753e-001 3.0712077441325458e-001 3.9728463295049216e-001 1.0986759297125606e+000 -4.4190029839067124e-001 -8.9675589773704267e-002 -8.9257067780707100e-001 -4.3972434007129463e-001 -2.3850026401880614e-001 -9.4743607621967896e-001 2.1326627848869739e-001 -2.5959654812726378e+000 0 0 0 1</transform>
      </camera>
    </cameras>
    <markers next_id="125" next_group_id="3">
      <group id="1" label=""/>
      <group id="0" label="Church"/>
      <group id="2" label="Georgentor"/>
      <marker id="32" label="augustus_bridge_front_left"/>
      <marker id="31" label="augustus_bridge_front_right"/>
      <marker id="39" label="black_canal_bl"/>
      <marker id="30" label="canalisation"/>
      <marker id="62" label="castle_right_roof"/>
      <marker id="45" label="castle_right_tower_sphere"/>
      <marker id="53" label="castle_roof_left_of_go"/>
      <marker id="52" label="castle_roof_right_of_go"/>
      <marker id="56" label="castle_roof_sec_right_of_go"/>
      <marker id="38" label="ceiling_corner_aug_bridge_left"/>
      <marker id="11" label="church_arch_middle"/>
      <marker id="82" label="church_back_middle_window"/>
      <marker id="91" label="church_back_round_window_left"/>
      <marker id="92" label="church_back_round_window_right"/>
      <marker id="55" label="church_big_o"/>
      <marker id="68" label="church_bottom_right_round_window"/>
      <marker id="27" label="church_capitell_back"/>
      <marker id="24" label="church_capitell_left"/>
      <marker id="90" label="church_ceiling_corner_back_right"/>
      <marker id="15" label="church_cross_top"/>
      <marker id="19" label="church_dark_stone_transition"/>
      <marker id="3" label="church_front_door_top_left"/>
      <marker id="4" label="church_front_door_top_right"/>
      <marker id="12" label="church_right_side_door"/>
      <marker id="63" label="church_right_statue_front"/>
      <marker id="6" label="church_roof_top_back"/>
      <marker id="5" label="church_roof_top_front"/>
      <marker id="83" label="church_round_roof_back"/>
      <marker id="16" label="church_round_roof_left"/>
      <marker id="58" label="church_round_roof_right"/>
      <marker id="93" label="church_round_window_front_left_middle"/>
      <marker id="57" label="church_shield_bottom"/>
      <marker id="94" label="church_sitting_statue"/>
      <marker id="84" label="church_spear_back"/>
      <marker id="17" label="church_spear_left"/>
      <marker id="23" label="church_spear_right"/>
      <marker id="0" label="church_spire"/>
      <marker id="10" label="church_spire_back_left"/>
      <marker id="9" label="church_spire_back_right"/>
      <marker id="7" label="church_spire_front_left"/>
      <marker id="8" label="church_spire_front_right"/>
      <marker id="85" label="church_statue_back_right_corner_top"/>
      <marker id="70" label="church_statue_back_top_left"/>
      <marker id="89" label="church_statue_not_destroyed_back"/>
      <marker id="81" label="church_statue_right_corner_bottom"/>
      <marker id="67" label="church_statue_right_corner_top"/>
      <marker id="37" label="dkk_clock"/>
      <marker id="36" label="dkk_sphere"/>
      <marker id="14" label="frauenkirche_spire"/>
      <marker id="49" label="georgentor_left_chimney"/>
      <marker id="44" label="georgentor_left_spear"/>
      <marker id="50" label="georgentor_left_tower"/>
      <marker id="54" label="georgentor_middle_window"/>
      <marker id="51" label="georgentor_right_chimney"/>
      <marker id="66" label="georgentor_right_roof"/>
      <marker id="43" label="georgentor_right_tower"/>
      <marker id="2" label="georgentor_spire_sphere"/>
      <marker id="47" label="harbour"/>
      <marker id="65" label="hausmannsturm_bottom_left"/>
      <marker id="64" label="hausmannsturm_bottom_right"/>
      <marker id="88" label="hausmannsturm_clock"/>
      <marker id="1" label="hausmannsturm_spire_sphere"/>
      <marker id="78" label="king_johann_flame_bl"/>
      <marker id="77" label="king_johann_flame_br"/>
      <marker id="79" label="king_johann_flame_fl"/>
      <marker id="76" label="king_johann_left_ear_horse"/>
      <marker id="80" label="king_johann_nose"/>
      <marker id="69" label="kreuzkirche_sphere"/>
      <marker id="13" label="left_side_door"/>
      <marker id="33" label="left_water_pipe"/>
      <marker id="35" label="mid_pole_entrance_left"/>
      <marker id="34" label="mid_pole_entrance_right"/>
      <marker id="72" label="orangerie_roof_bl"/>
