<?xml version="1.0" encoding="UTF-8"?>
<document version="1.5.0">
  <chunk label="Chunk 1" enabled="true">
    <sensors next_id="21">
      <sensor id="0" label="unknown" type="frame">
        <resolution width="1128" height="1600"/>
        <property name="layer_index" value="0"/>
        <bands>
          <band/>
        </bands>
        <data_type>uint8</data_type>
        <calibration type="frame" class="adjusted">
          <resolution width="1128" height="1600"/>
          <f>1416.57541676957</f>
          <cx>-15.7033219859556</cx>
          <cy>-104.507449544102</cy>
          <k1>-0.317043872017753</k1>
          <k2>2.42694973089914</k2>
          <k3>-4.49706970270004</k3>
          <p1>-0.00905904966692648</p1>
          <p2>-0.020113696737269</p2>
        </calibration>
        <covariance>
          <params>f cx cy k1 k2 k3 p1 p2</params>
          <coeffs>2.0101574827747431e+005 -9.8438573704910916e+004 -5.0975551178652888e+004 -9.6348288540091701e+001 1.1061753249638059e+003 -2.6829382950219529e+003 -1.5159560025015603e+001 -2.2030477246577498e-001 -9.8438573704910916e+004 1.5012582754832518e+005 -5.2900270213404590e+004 -1.6554782310958558e+002 2.4328706813880935e+003 -6.4864578022248552e+003 1.6166099760820281e+001 -1.9855850122211685e+001 -5.0975551178652888e+004 -5.2900270213404590e+004 1.4706465189502601e+005 2.9213490689372452e+002 -3.8102153063572518e+003 9.7832128639215935e+003 7.4192229906945961e-001 2.8005968629976721e+001 -9.6348288540091701e+001 -1.6554782310958558e+002 2.9213490689372452e+002 1.5023982425527898e+000 -1.2505813594778024e+001 2.9054819269380289e+001 -4.2089751119216763e-002 8.2333735170376995e-002 1.1061753249638059e+003 2.4328706813880935e+003 -3.8102153063572518e+003 -1.2505813594778024e+001 1.3553573185942804e+002 -3.3518638740292869e+002 2.2603140276291844e-001 -8.8618400191315772e-001 -2.6829382950219529e+003 -6.4864578022248552e+003 9.7832128639215935e+003 2.9054819269380289e+001 -3.3518638740292869e+002 8.4093741121875212e+002 -4.9645276419516876e-001 2.2212333222355576e+000 -1.5159560025015603e+001 1.6166099760820281e+001 7.4192229906945961e-001 -4.2089751119216763e-002 2.2603140276291844e-001 -4.9645276419516876e-001 5.1971031355309777e-003 -2.3582139570547597e-003 -2.2030477246577498e-001 -1.9855850122211685e+001 2.8005968629976721e+001 8.2333735170376995e-002 -8.8618400191315772e-001 2.2212333222355576e+000 -2.3582139570547597e-003 7.3022385275592688e-003</coeffs>
        </covariance>
      </sensor>
      <sensor id="1" label="unknown" type="frame">
        <resolution width="1202" height="1597"/>
        <property name="layer_index" value="0"/>
        <bands>
          <band/>
        </bands>
        <data_type>uint8</data_type>
        <calibration type="frame" class="adjusted">
          <resolution width="1202" height="1597"/>
          <f>3460.56349488972</f>
          <cx>153.007885425234</cx>
          <cy>-64.0493318127163</cy>
          <k1>-0.589845412827008</k1>
          <k2>23.9381417524286</k2>
          <k3>-121.577389495361</k3>
          <p1>0.0549960955493966</p1>
          <p2>-0.0189379702547049</p2>
        </calibration>
        <covariance>
          <params>f cx cy k1 k2 k3 p1 p2</params>
          <coeffs>7.7776871656927490e+005 -5.3635590116975582e+004 -4.7414459319699417e+004 -1.6607653788505916e+003 9.0486322113938688e+004 -9.8158141570365278e+005 1.7555457559911172e+001 1.0209867753181182e+001 -5.3635590116975582e+004 8.8932560527176902e+004 6.2842129808523678e+003 6.5861684923375071e+002 -4.1047353848494982e+004 5.2103352832815173e+005 -3.1698181967980190e+000 -3.7798223368555903e+000 -4.7414459319699417e+004 6.2842129808523678e+003 4.0814199950368034e+004 -6.1150519359891398e+001 -3.0064386387400787e+003 5.2713517094918579e+003 -8.4169562639292472e+000 -2.8345800097874102e-001 -1.6607653788505916e+003 6.5861684923375071e+002 -6.1150519359891398e+001 2.3752178633508588e+001 -1.1203403561663040e+003 1.4284275883387434e+004 5.5560063044742876e-002 -1.1109432238610913e-001 9.0486322113938688e+004 -4.1047353848494982e+004 -3.0064386387400787e+003 -1.1203403561663040e+003 5.7877642250752688e+004 -7.4559194469171995e+005 1.8402095144683945e+000 5.7380451593882960e+000 -9.8158141570365278e+005 5.2103352832815173e+005 5.2713517094918579e+003 1.4284275883387434e+004 -7.4559194469171995e+005 9.7494086660610531e+006 -2.3288664276882436e+001 -7.2798346929279973e+001 1.7555457559911172e+001 -3.1698181967980190e+000 -8.4169562639292472e+000 5.5560063044742876e-002 1.8402095144683945e+000 -2.3288664276882436e+001 6.3823836493324317e-003 3.0896212488263491e-004 1.0209867753181182e+001 -3.7798223368555903e+000 -2.8345800097874102e-001 -1.1109432238610913e-001 5.7380451593882960e+000 -7.2798346929279973e+001 3.0896212488263491e-004 1.7554571275646322e-003</coeffs>
        </covariance>
      </sensor>
      <sensor id="2" label="unknown" type="frame">
        <resolution width="1210" height="1589"/>
        <property name="layer_index" value="0"/>
        <bands>
          <band/>
        </bands>
        <data_type>uint8</data_type>
        <calibration type="frame" class="adjusted">
          <resolution width="1210" height="1589"/>
          <f>2475.12440222008</f>
          <cx>-28.9565435266471</cx>
          <cy>21.0405449171539</cy>
          <k1>2.85219742598323</k1>
          <k2>-42.7504846869085</k2>
          <k3>279.623031928378</k3>
          <p1>-0.0178547286867339</p1>
          <p2>0.0117801553107033</p2>
        </calibration>
        <covariance>
          <params>f cx cy k1 k2 k3 p1 p2</params>
          <coeffs>1.0072437106431279e+006 3.2758661301243037e+003 -1.3004819338511616e+005 -3.0596993403186470e+003 9.7019993002772011e+004 -8.4989000664140971e+005 -1.0969500881898608e+001 -9.5153068692685650e+001 3.2758661301243037e+003 2.4355441301348666e+004 4.8420644444986992e+003 -1.5984725601831815e+002 7.5043649645322057e+003 -7.6767904360859175e+004 1.0776736524462438e+001 4.8929985170806729e+000 -1.3004819338511616e+005 4.8420644444986992e+003 1.3518483199729241e+005 4.5027480520651477e+002 1.7634170546784582e+004 -2.2707353764682729e+005 1.5959035075936974e+001 1.2072053424895898e+002 -3.0596993403186470e+003 -1.5984725601831815e+002 4.5027480520651477e+002 3.4974323116811334e+001 -1.1016764422733879e+003 9.9582121354798837e+003 -7.8038512746184160e-002 4.7486689415310823e-001 9.7019993002772011e+004 7.5043649645322057e+003 1.7634170546784582e+004 -1.1016764422733879e+003 4.9011694632817555e+004 -4.7456990515503037e+005 8.3571827220656392e+000 2.1069396284466560e+001 -8.4989000664140971e+005 -7.6767904360859175e+004 -2.2707353764682729e+005 9.9582121354798837e+003 -4.7456990515503037e+005 4.6509418701700289e+006 -9.1773420522810056e+001 -2.6878584743008372e+002 -1.0969500881898608e+001 1.0776736524462438e+001 1.5959035075936974e+001 -7.8038512746184160e-002 8.3571827220656392e+000 -9.1773420522810056e+001 9.6934133273142795e-003 1.6547859855575643e-002 -9.5153068692685650e+001 4.8929985170806729e+000 1.2072053424895898e+002 4.7486689415310823e-001 2.1069396284466560e+001 -2.6878584743008372e+002 1.6547859855575643e-002 1.1916848646539749e-001</coeffs>
        </covariance>
      </sensor>
      <sensor id="3" label="unknown" type="frame">
        <resolution width="1114" height="1600"/>
        <property name="layer_index" value="0"/>
        <bands>
          <band/>
        </bands>
        <data_type>uint8</data_type>
        <calibration type="frame" class="adjusted">
          <resolution width="1114" height="1600"/>
          <f>2134.17953062878</f>
          <cx>17.7001106854016</cx>
          <cy>-20.8569360193005</cy>
          <k1>2.57611946358427</k1>
          <k2>-46.5732999945555</k2>
          <k3>269.381436222155</k3>
          <p1>0.0262699626054859</p1>
          <p2>-0.0271936401468898</p2>
        </calibration>
        <covariance>
          <params>f cx cy k1 k2 k3 p1 p2</params>
          <coeffs>4.6350187905060599e+005 5.1930491130891933e+003 -3.9242134777532439e+004 -1.5404168195209436e+003 2.6645110400698890e+004 -7.7918339534761530e+004 1.5148579604852869e-001 -6.2892933010186027e+000 5.1930491130891933e+003 1.9351232920010822e+004 -1.4205748300234662e+004 2.1723568118767897e+001 -4.9141085135877338e+003 4.7358976075375875e+004 6.4112568426160363e+000 -1.1030322569155048e+001 -3.9242134777532439e+004 -1.4205748300234662e+004 5.3212843612047065e+004 8.8957679043000311e+001 1.2019372764241520e+004 -1.2837317878725157e+005 -7.7878742391883264e+000 3.8560977713256797e+001 -1.5404168195209436e+003 2.1723568118767897e+001 8.8957679043000311e+001 1.3314989448072282e+001 -2.8764377744719991e+002 1.5928939196927490e+003 3.6370450649001101e-002 3.1811316683397317e-002 2.6645110400698890e+004 -4.9141085135877338e+003 1.2019372764241520e+004 -2.8764377744719991e+002 1.0930972764286505e+004 -7.9426054010302454e+004 -3.7449364433048355e+000 1.1604619342892462e+001 -7.7918339534761530e+004 4.7358976075375875e+004 -1.2837317878725157e+005 1.5928939196927490e+003 -7.9426054010302454e+004 6.2951479355822899e+005 3.3036016265121489e+001 -1.1253644219156335e+002 1.5148579604852869e-001 6.4112568426160363e+000 -7.7878742391883264e+000 3.6370450649001101e-002 -3.7449364433048355e+000 3.3036016265121489e+001 4.7416234840656057e-003 -7.5345713960661542e-003 -6.2892933010186027e+000 -1.1030322569155048e+001 3.8560977713256797e+001 3.1811316683397317e-002 1.1604619342892462e+001 -1.1253644219156335e+002 -7.5345713960661542e-003 3.4698079484795918e-002</coeffs>
        </covariance>
      </sensor>
      <sensor id="4" label="unknown" type="frame">
        <resolution width="1200" height="1600"/>
        <property name="layer_index" value="0"/>
        <bands>
          <band/>
        </bands>
        <data_type>uint8</data_type>
        <calibration type="frame" class="adjusted">
          <resolution width="1200" height="1600"/>
          <f>2580.66109927045</f>
          <cx>-22.1158145464592</cx>
          <cy>20.3237799930687</cy>
          <k1>0.804644633697754</k1>
          <k2>33.3695260593035</k2>
          <k3>-429.019053307044</k3>
          <p1>-0.0178692520982496</p1>
          <p2>0.0170316546567716</p2>
        </calibration>
        <covariance>
          <params>f cx cy k1 k2 k3 p1 p2</params>
          <coeffs>1.0075534461444520e+006 7.2723226886759745e+004 -2.3690275903208795e+005 -4.1907803277085832e+003 2.7331376786237402e+005 -3.5614805338039519e+006 3.3492567123263659e+000 -9.3587513166850087e+001 7.2723226886759745e+004 3.8249952335352842e+004 -4.6901122578418981e+004 -2.3498590392907289e+002 2.6813684866370120e+004 -4.0560525671021955e+005 1.3689721286676232e+001 -2.0235396860575751e+001 -2.3690275903208795e+005 -4.6901122578418981e+004 2.8439564196504309e+005 1.0619995899774053e+003 -1.2280243415924920e+005 1.9539327830988031e+006 -3.8622097839158349e+000 1.4951892171967128e+002 -4.1907803277085832e+003 -2.3498590392907289e+002 1.0619995899774053e+003 3.5949400651401326e+001 -1.7632656831577453e+003 2.0552703862945564e+004 -5.7713227162423074e-002 4.1790560027805052e-001 2.7331376786237402e+005 2.6813684866370120e+004 -1.2280243415924920e+005 -1.7632656831577453e+003 1.1165905984140583e+005 -1.4581571289768212e+006 3.1296672167606063e+000 -5.4980640688011498e+001 -3.5614805338039519e+006 -4.0560525671021955e+005 1.9539327830988031e+006 2.0552703862945564e+004 -1.4581571289768212e+006 1.9947603726418104e+007 -4.2326795655991326e+001 9.2017867215757167e+002 3.3492567123263659e+000 1.3689721286676232e+001 -3.8622097839158349e+000 -5.7713227162423074e-002 3.1296672167606063e+000 -4.2326795655991326e+001 8.9489386381658449e-003 -1.4651377505083443e-003 -9.3587513166850087e+001 -2.0235396860575751e+001 1.4951892171967128e+002 4.1790560027805052e-001 -5.4980640688011498e+001 9.2017867215757167e+002 -1.4651377505083443e-003 8.3409340323437720e-002</coeffs>
        </covariance>
      </sensor>
      <sensor id="5" label="unknown" type="frame">
        <resolution width="1207" height="1592"/>
        <property name="layer_index" value="0"/>
        <bands>
          <band/>
        </bands>
        <data_type>uint8</data_type>
        <calibration type="frame" class="adjusted">
          <resolution width="1207" height="1592"/>
          <f>3457.44333485143</f>
          <cx>-23.1770146358938</cx>
          <cy>-37.1542001731224</cy>
          <k1>-0.190795063274099</k1>
          <k2>137.910219311915</k2>
          <k3>-2713.1236010672</k3>
          <p1>0.0172212757765626</p1>
          <p2>0.0283664258284985</p2>
        </calibration>
        <covariance>
          <params>f cx cy k1 k2 k3 p1 p2</params>
          <coeffs>1.1247412253192984e+006 -1.6296365705129283e+004 -3.1761602683125429e+003 -1.8434674376057349e+003 2.3653781151815446e+005 -5.7263517779459385e+006 5.3757560531494368e+000 4.4637450307311219e+001 -1.6296365705129283e+004 3.1901895260747453e+004 3.6010618324997104e+003 3.7636759530490832e+002 -2.8733953141570375e+004 5.3672243331414124e+005 1.3249234817475573e+001 2.6680623458213950e+000 -3.1761602683125429e+003 3.6010618324997104e+003 2.0592501547184715e+004 3.4881660804995198e+002 -3.0097375006863262e+004 7.2014631935510354e+005 1.4164408698434328e+000 1.2948933450737599e+001 -1.8434674376057349e+003 3.7636759530490832e+002 3.4881660804995198e+002 8.5345652532686316e+001 -6.2233869310604132e+003 1.1016360633998115e+005 6.4915628603227360e-002 1.9451997011202624e-002 2.3653781151815446e+005 -2.8733953141570375e+004 -3.0097375006863262e+004 -6.2233869310604132e+003 4.9030907340007223e+005 -8.9870362850974854e+006 -5.3211249516009174e+000 2.8294785150250359e+000 -5.7263517779459385e+006 5.3672243331414124e+005 7.2014631935510354e+005 1.1016360633998115e+005 -8.9870362850974854e+006 1.6922398282066345e+008 9.6324279695260927e+001 4.4170627438615719e+000 5.3757560531494368e+000 1.3249234817475573e+001 1.4164408698434328e+000 6.4915628603227360e-002 -5.3211249516009174e+000 9.6324279695260927e+001 7.8679354503973058e-003 1.3909963159638526e-003 4.4637450307311219e+001 2.6680623458213950e+000 1.2948933450737599e+001 1.9451997011202624e-002 2.8294785150250359e+000 4.4170627438615719e+000 1.3909963159638526e-003 1.2895635570268507e-002</coeffs>
        </covariance>
      </sensor>
      <sensor id="6" label="unknown" type="frame">
        <resolution width="1193" height="1600"/>
        <property name="layer_index" value="0"/>
        <bands>
          <band label="Red"/>
          <band label="Green"/>
          <band label="Blue"/>
        </bands>
        <data_type>uint8</data_type>
        <calibration type="frame" class="adjusted">
          <resolution width="1193" height="1600"/>
          <f>2611.36823105713</f>
          <cx>-228.262017743991</cx>
          <cy>125.690625958226</cy>
          <k1>-1.04989031373398</k1>
          <k2>7.16568232709157</k2>
          <k3>-15.0548232966926</k3>
          <p1>0.0105064740427931</p1>
          <p2>-0.0120687160104575</p2>
        </calibration>
        <covariance>
          <params>f cx cy k1 k2 k3 p1 p2</params>
          <coeffs>7.8913794740473572e+005 -4.1550333152400330e+004 9.4748665544552478e+003 -1.0265820012553545e+003 1.3226797309595460e+004 -4.8940806594474576e+004 1.2514366852889836e+001 -5.1300771348378271e+000 -4.1550333152400330e+004 1.0112695386940970e+006 -1.8861106295576638e+006 -3.2540124785417929e+003 1.2595225936166078e+005 -5.5625125403447729e+005 -1.5065066996180045e+002 2.4441386541602273e+002 9.4748665544552478e+003 -1.8861106295576638e+006 4.5832401681182189e+006 4.6209572518706054e+003 -2.5618821103628239e+005 1.1157585532393723e+006 3.8313322587513051e+002 -6.7458522477965585e+002 -1.0265820012553545e+003 -3.2540124785417929e+003 4.6209572518706054e+003 2.2405797103418106e+001 -5.0465126058279179e+002 2.2641814754813399e+003 1.9788413840229088e-001 -2.9037899021165048e-001 1.3226797309595460e+004 1.2595225936166078e+005 -2.5618821103628239e+005 -5.0465126058279179e+002 1.7897761655124905e+004 -7.9128173249705127e+004 -1.9390912666485903e+001 3.2614466688528957e+001 -4.8940806594474576e+004 -5.5625125403447729e+005 1.1157585532393723e+006 2.2641814754813399e+003 -7.9128173249705127e+004 3.5080735369342117e+005 8.4543999483195023e+001 -1.4081980175751440e+002 1.2514366852889836e+001 -1.5065066996180045e+002 3.8313322587513051e+002 1.9788413840229088e-001 -1.9390912666485903e+001 8.4543999483195023e+001 3.7376030850820856e-002 -6.1601192027569793e-002 -5.1300771348378271e+000 2.4441386541602273e+002 -6.7458522477965585e+002 -2.9037899021165048e-001 3.2614466688528957e+001 -1.4081980175751440e+002 -6.1601192027569793e-002 1.1030691289699245e-001</coeffs>
        </covariance>
      </sensor>
      <sensor id="7" label="unknown" type="frame">
        <resolution width="1229" height="1570"/>
        <property name="layer_index" value="0"/>
        <bands>
          <band label="Red"/>
          <band label="Green"/>
          <band label="Blue"/>
        </bands>
        <data_type>uint8</data_type>
        <rotation fixed="true"/>
      </sensor>
      <sensor id="8" label="unknown" type="frame">
        <resolution width="1156" height="1600"/>
        <property name="layer_index" value="0"/>
        <bands>
          <band/>
        </bands>
        <data_type>uint8</data_type>
        <calibration type="frame" class="adjusted">
          <resolution width="1156" height="1600"/>
          <f>1447.68888279297</f>
          <cx>-77.6200608738094</cx>
          <cy>595.118119150437</cy>
          <k1>-0.367620899671987</k1>
          <k2>0.0252310809412721</k2>
          <k3>0.028315372842188</k3>
          <p1>0.00342694651913695</p1>
          <p2>-0.0531113433924672</p2>
        </calibration>
        <covariance>
          <params>f cx cy k1 k2 k3 p1 p2</params>
          <coeffs>5.0173416551934723e+006 -1.3707677160713582e+006 7.5726456642830046e+005 -7.8739850684195908e+003 6.2383863024738512e+003 -1.7114650313413342e+003 1.1970161150373579e+002 -7.2880557259579950e+002 -1.3707677160713582e+006 1.1068172961899450e+006 -1.6838810078720425e+006 2.3460618408392943e+003 -2.5224559218635827e+003 1.0645464409820308e+003 -6.7490213029541053e+001 2.2957674218318238e+002 7.5726456642830046e+005 -1.6838810078720425e+006 5.1260161745173270e+006 -1.8775160405462693e+003 3.5689870371859374e+003 -2.1899205566969745e+003 8.6688913004977252e+001 -2.5092136525687508e+002 -7.8739850684195908e+003 2.3460618408392943e+003 -1.8775160405462693e+003 1.2982928292853597e+001 -1.0691362549644188e+001 3.1554355795375111e+000 -2.0156115326131915e-001 1.2070775375233436e+000 6.2383863024738512e+003 -2.5224559218635827e+003 3.5689870371859374e+003 -1.0691362549644188e+001 9.7053173413455767e+000 -3.3601975070072947e+000 1.9131887560718169e-001 -1.0198161313668255e+000 -1.7114650313413342e+003 1.0645464409820308e+003 -2.1899205566969745e+003 3.1554355795375111e+000 -3.3601975070072947e+000 1.4133313614635832e+000 -7.0260871869141442e-002 3.1712637003790323e-001 1.1970161150373579e+002 -6.7490213029541053e+001 8.6688913004977252e+001 -2.0156115326131915e-001 1.9131887560718169e-001 -7.0260871869141442e-002 4.6160587069407864e-003 -1.9233854434674777e-002 -7.2880557259579950e+002 2.2957674218318238e+002 -2.5092136525687508e+002 1.2070775375233436e+000 -1.0198161313668255e+000 3.1712637003790323e-001 -1.9233854434674777e-002 1.1461668048912854e-001</coeffs>
        </covariance>
      </sensor>
      <sensor id="9" label="unknown" type="frame">
        <resolution width="1174" height="1600"/>
        <property name="layer_index" value="0"/>
        <bands>
          <band/>
        </bands>
        <data_type>uint8</data_type>
        <calibration type="frame" class="adjusted">
          <resolution width="1174" height="1600"/>
          <f>2720.17525131997</f>
          <cx>-25.8083191708084</cx>
          <cy>-33.7861751983685</cy>
          <k1>-1.06916929528992</k1>
          <k2>58.8413870730885</k2>
          <k3>-548.233020793207</k3>
          <p1>0.0220609174419924</p1>
          <p2>-0.00257116522690841</p2>
        </calibration>
        <covariance>
          <params>f cx cy k1 k2 k3 p1 p2</params>
          <coeffs>3.7483292923602764e+005 -6.7767211093529128e+004 5.3238525751576155e+004 -1.5243673945916396e+003 7.7126294887141688e+004 -7.7944654959282780e+005 -1.3882981949024716e+001 3.9716070461043998e+001 -6.7767211093529128e+004 4.5383251584363061e+004 -3.4169666002660751e+003 4.0597191340877254e+002 -2.2587136596532444e+004 2.4044038086538689e+005 1.1267758454876384e+001 -7.4461104937250289e+000 5.3238525751576155e+004 -3.4169666002660751e+003 4.4577007815538673e+004 -1.8756360176754475e+002 6.5462567625517449e+003 -1.4747722363613473e+004 -2.1051042012789640e+000 1.8876174869231392e+001 -1.5243673945916396e+003 4.0597191340877254e+002 -1.8756360176754475e+002 1.7614999543800579e+001 -7.3456348868441717e+002 7.0243370405150445e+003 1.2289659537279794e-001 -1.9284016968449449e-001 7.7126294887141688e+004 -2.2587136596532444e+004 6.5462567625517449e+003 -7.3456348868441717e+002 3.3489828506659491e+004 -3.3241209448403516e+005 -5.1948271636152548e+000 8.3764842347921373e+000 -7.7944654959282780e+005 2.4044038086538689e+005 -1.4747722363613473e+004 7.0243370405150445e+003 -3.3241209448403516e+005 3.3970691077773334e+006 5.0636977569411016e+001 -6.4809785891052002e+001 -1.3882981949024716e+001 1.1267758454876384e+001 -2.1051042012789640e+000 1.2289659537279794e-001 -5.1948271636152548e+000 5.0636977569411016e+001 5.3879334010122600e-003 -2.2304812876590011e-003 3.9716070461043998e+001 -7.4461104937250289e+000 1.8876174869231392e+001 -1.9284016968449449e-001 8.3764842347921373e+000 -6.4809785891052002e+001 -2.2304812876590011e-003 1.0029163406296790e-002</coeffs>
        </covariance>
      </sensor>
      <sensor id="10" label="unknown" type="frame">
        <resolution width="1600" height="1157"/>
        <property name="layer_index" value="0"/>
        <bands>
          <band/>
        </bands>
        <data_type>uint8</data_type>
        <calibration type="frame" class="adjusted">
          <resolution width="1600" height="1157"/>
          <f>1665.18889491849</f>
          <cx>26.5330887814267</cx>
          <cy>-65.461087896244</cy>
          <k1>1.31982687597225</k1>
          <k2>-25.4335938457742</k2>
          <k3>208.676457462911</k3>
          <p1>-0.0101881070109727</p1>
          <p2>0.0951003091004489</p2>
        </calibration>
        <covariance>
          <params>f cx cy k1 k2 k3 p1 p2</params>
          <coeffs>3.5793856758114770e+006 6.8934434664023574e+005 3.3202934991575341e+005 -4.4134929150907221e+004 1.0374184843397030e+006 -7.8759785410965579e+006 5.9806062931645641e+001 -5.6245716562505606e+002 6.8934434664023574e+005 4.4206614658273669e+005 -5.3356443756898196e+004 -8.4295107894381254e+003 1.8741718570708568e+005 -1.2910958924876889e+006 4.3611902391205696e+001 -1.0590428875271766e+002 3.3202934991575341e+005 -5.3356443756898196e+004 1.9268604269326280e+005 -8.6256601460984057e+003 2.1957568530525392e+005 -1.9056852165217067e+006 -1.2790835213449097e+000 -1.2958280033313832e+002 -4.4134929150907221e+004 -8.4295107894381254e+003 -8.6256601460984057e+003 8.9059168430639693e+002 -2.1728587858267612e+004 1.7454223908887195e+005 -7.5298532131249951e-001 1.2724652276655874e+001 1.0374184843397030e+006 1.8741718570708568e+005 2.1957568530525392e+005 -2.1728587858267612e+004 5.4223123366450798e+005 -4.3993413003053768e+006 1.5925757420549646e+001 -2.8771212178958240e+002 -7.8759785410965579e+006 -1.2910958924876889e+006 -1.9056852165217067e+006 1.7454223908887195e+005 -4.3993413003053768e+006 3.6018808592660129e+007 -1.1434675546765610e+002 2.2820296084594911e+003 5.9806062931645641e+001 4.3611902391205696e+001 -1.2790835213449097e+000 -7.5298532131249951e-001 1.5925757420549646e+001 -1.1434675546765610e+002 1.1869662279802504e-002 -1.3287204487857356e-002 -5.6245716562505606e+002 -1.0590428875271766e+002 -1.2958280033313832e+002 1.2724652276655874e+001 -2.8771212178958240e+002 2.2820296084594911e+003 -1.3287204487857356e-002 2.5060473207125300e-001</coeffs>
        </covariance>
      </sensor>
      <sensor id="11" label="unknown" type="frame">
        <resolution width="1600" height="1158"/>
        <property name="layer_index" value="0"/>
        <bands>
          <band/>
        </bands>
        <data_type>uint8</data_type>
        <rotation fixed="true"/>
      </sensor>
      <sensor id="12" label="unknown" type="frame">
        <resolution width="1125" height="1600"/>
        <property name="layer_index" value="0"/>
        <bands>
          <band/>
        </bands>
        <data_type>uint8</data_type>
        <calibration type="frame" class="adjusted">
          <resolution width="1125" height="1600"/>
          <f>2119.09785542095</f>
          <cx>-32.5087402082966</cx>
          <cy>102.093718968995</cy>
          <k1>0.540351251707938</k1>
          <k2>-14.4699036434138</k2>
          <k3>58.8725349596727</k3>
          <p1>0.00729963831016553</p1>
          <p2>-0.0147041505927177</p2>
        </calibration>
        <covariance>
          <params>f cx cy k1 k2 k3 p1 p2</params>
          <coeffs>5.7064946050101146e+005 6.8177626620030002e+004 1.2632300217204027e+005 -5.8736641692942851e+002 4.5829820613615757e+003 -7.5659129072678115e+003 -7.0718272553739849e+000 -7.5171121673930328e+000 6.8177626620030002e+004 1.0397611874467053e+005 1.6583265604582438e+005 -1.3405034535744494e+003 3.0069642324960740e+004 -1.4843690863059086e+005 -8.7206910457858076e+000 7.9741932199679653e+000 1.2632300217204027e+005 1.6583265604582438e+005 4.3270471798620565e+005 -2.7594612099479414e+003 7.0755077140834779e+004 -3.6074401424317749e+005 -1.3574126013005531e+001 4.6576484968817311e+001 -5.8736641692942851e+002 -1.3405034535744494e+003 -2.7594612099479414e+003 3.2006298412307821e+001 -6.3231249681326290e+002 3.0014040578905051e+003 1.3516232334707748e-001 -4.0084244355340845e-002 4.5829820613615757e+003 3.0069642324960740e+004 7.0755077140834779e+004 -6.3231249681326290e+002 1.4246167133736883e+004 -7.0295836635993284e+004 -2.7006495697547765e+000 5.4374701515049813e+000 -7.5659129072678115e+003 -1.4843690863059086e+005 -3.6074401424317749e+005 3.0014040578905051e+003 -7.0295836635993284e+004 3.5065280987506203e+005 1.2956924599369144e+001 -3.2458739658701916e+001 -7.0718272553739849e+000 -8.7206910457858076e+000 -1.3574126013005531e+001 1.3516232334707748e-001 -2.7006495697547765e+000 1.2956924599369144e+001 1.5768707856596519e-003 4.9325070163035049e-005 -7.5171121673930328e+000 7.9741932199679653e+000 4.6576484968817311e+001 -4.0084244355340845e-002 5.4374701515049813e+000 -3.2458739658701916e+001 4.9325070163035049e-005 1.4893723161326511e-002</coeffs>
        </covariance>
      </sensor>
      <sensor id="13" label="unknown" type="frame">
        <resolution width="1136" height="1600"/>
        <property name="layer_index" value="0"/>
        <bands>
          <band label="Red"/>
          <band label="Green"/>
          <band label="Blue"/>
        </bands>
        <data_type>uint8</data_type>
        <calibration type="frame" class="adjusted">
          <resolution width="1136" height="1600"/>
          <f>1680.64920765051</f>
          <cx>80.6414171767142</cx>
          <cy>217.562406872359</cy>
          <k1>-0.164508509148394</k1>
          <k2>0.141460240032687</k2>
          <k3>0.22851529080708</k3>
          <p1>0.00217540868077845</p1>
          <p2>0.00578054272463814</p2>
        </calibration>
        <covariance>
          <params>f cx cy k1 k2 k3 p1 p2</params>
          <coeffs>1.2704411714586847e+005 1.4581080545927010e+004 -4.9017959760943777e+003 -1.3077743719313499e+001 1.0400729213616282e+001 2.1512607337664514e+002 -1.7522122243147401e-001 -4.2262124179306273e+000 1.4581080545927010e+004 1.2731673070609187e+005 1.2458527425986121e+005 -8.8030686913172815e+001 -5.6106408795486203e+001 -5.6487877513983591e+001 1.4291942656747814e+000 -5.8727139208249355e+000 -4.9017959760943777e+003 1.2458527425986121e+005 5.3327655643065472e+005 -4.2347732419580007e+002 5.0618967592975463e+002 -1.7485455101280750e+003 -5.6207132492530363e+000 -1.3080880906528286e+001 -1.3077743719313499e+001 -8.8030686913172815e+001 -4.2347732419580007e+002 8.2033852889466952e-001 -2.0270050189227917e+000 3.6159284940215737e+000 9.7372845759705982e-003 4.5991181408803330e-002 1.0400729213616282e+001 -5.6106408795486203e+001 5.0618967592975463e+002 -2.0270050189227917e+000 6.9009348679508014e+000 -1.1116650807649000e+001 -2.6804249430852758e-002 -1.0660670268170386e-001 2.1512607337664514e+002 -5.6487877513983591e+001 -1.7485455101280750e+003 3.6159284940215737e+000 -1.1116650807649000e+001 2.0562016496969548e+001 4.7396045508993088e-002 1.5195245561466575e-001 -1.7522122243147401e-001 1.4291942656747814e+000 -5.6207132492530363e+000 9.7372845759705982e-003 -2.6804249430852758e-002 4.7396045508993088e-002 3.9507700793476469e-004 4.4915964486620533e-004 -4.2262124179306273e+000 -5.8727139208249355e+000 -1.3080880906528286e+001 4.5991181408803330e-002 -1.0660670268170386e-001 1.5195245561466575e-001 4.4915964486620533e-004 3.8297054788383775e-003</coeffs>
        </covariance>
      </sensor>
      <sensor id="14" label="unknown" type="frame">
        <resolution width="1548" height="1251"/>
        <property name="layer_index" value="0"/>
        <bands>
          <band/>
        </bands>
        <data_type>uint8</data_type>
        <calibration type="frame" class="adjusted">
          <resolution width="1548" height="1251"/>
          <f>3213.07322047352</f>
          <cx>51.7353542169417</cx>
          <cy>-65.1570739000512</cy>
          <k1>-0.460152634722093</k1>
          <k2>-2.34298696414898</k2>
          <k3>182.74732191617</k3>
          <p1>0.0396588753889584</p1>
          <p2>-0.0202032613755392</p2>
        </calibration>
        <covariance>
          <params>f cx cy k1 k2 k3 p1 p2</params>
          <coeffs>9.1742306838200346e+005 -4.4291876992765996e+004 -3.1286237964058386e+004 -1.6746079259322880e+003 5.0508133367498944e+004 -1.0416317046143858e+005 4.2415598327108306e+001 1.9918309587559472e-002 -4.4291876992765996e+004 1.5649334173542637e+005 2.8206511149597063e+004 1.4380771259913990e+003 -4.1737136914520335e+004 1.7131114707072193e+005 -1.2473518582000063e+001 6.4449889687932715e-001 -3.1286237964058386e+004 2.8206511149597063e+004 7.3631423651113917e+004 -1.3780435384024406e+002 -1.1208278777915855e+003 -8.3924370280094270e+004 -3.1819902192080917e+001 2.9070002138521369e+000 -1.6746079259322880e+003 1.4380771259913990e+003 -1.3780435384024406e+002 3.3241130157799887e+001 -9.0036520544377345e+002 6.0790852485790447e+003 1.0094062731691594e-001 -5.9842795669938227e-002 5.0508133367498944e+004 -4.1737136914520335e+004 -1.1208278777915855e+003 -9.0036520544377345e+002 2.5726073577406107e+004 -1.7074570747803545e+005 1.6503388166383881e+000 1.3725984160625559e+000 -1.0416317046143858e+005 1.7131114707072193e+005 -8.3924370280094270e+004 6.0790852485790447e+003 -1.7074570747803545e+005 1.3973375995425011e+006 3.1529648570291556e+001 -1.5631742502796181e+001 4.2415598327108306e+001 -1.2473518582000063e+001 -3.1819902192080917e+001 1.0094062731691594e-001 1.6503388166383881e+000 3.1529648570291556e+001 2.1189210518455660e-002 -1.6769775706775773e-003 1.9918309587559472e-002 6.4449889687932715e-001 2.9070002138521369e+000 -5.9842795669938227e-002 1.3725984160625559e+000 -1.5631742502796181e+001 -1.6769775706775773e-003 1.0013982546268052e-003</coeffs>
        </covariance>
      </sensor>
      <sensor id="15" label="unknown" type="frame">
        <resolution width="1600" height="1172"/>
        <property name="layer_index" value="0"/>
        <bands>
          <band/>
        </bands>
        <data_type>uint8</data_type>
        <calibration type="frame" class="adjusted">
          <resolution width="1600" height="1172"/>
          <f>1220.79455469111</f>
          <cx>23.8467745062678</cx>
          <cy>87.832617092398</cy>
          <k1>0.906765511663164</k1>
          <k2>-3.61191881770117</k2>
          <k3>4.10029634472284</k3>
          <p1>0.0154690245249546</p1>
          <p2>0.0519656756000828</p2>
        </calibration>
        <covariance>
          <params>f cx cy k1 k2 k3 p1 p2</params>
          <coeffs>5.0066841544508334e+005 -7.4204511537018101e+004 -3.6086888118775166e+005 5.5061832874747006e+003 -5.1932139710349489e+004 1.4049641581420071e+005 1.0397913387336033e+001 -3.9968299725273710e+000 -7.4204511537018101e+004 9.2317652260363800e+004 3.5990652049898769e+005 -4.1679308565165629e+003 3.9371505379554903e+004 -1.0778873347137700e+005 -9.7633998046360726e-001 6.5810091076234798e+000 -3.6086888118775166e+005 3.5990652049898769e+005 2.8546931938764816e+006 -2.8513215112909140e+004 2.7068822958220594e+005 -7.2562328522085899e+005 -1.1648280929646664e+002 1.6953017341340100e+002 5.5061832874747006e+003 -4.1679308565165629e+003 -2.8513215112909140e+004 3.2115009093856526e+002 -3.0124082289723247e+003 8.1859971224277397e+003 1.0690653835062323e+000 -5.4700274095505497e-001 -5.1932139710349489e+004 3.9371505379554903e+004 2.7068822958220594e+005 -3.0124082289723247e+003 2.8381747049247828e+004 -7.7134378122037713e+004 -1.0051107428702611e+001 7.3123423428369527e+000 1.4049641581420071e+005 -1.0778873347137700e+005 -7.2562328522085899e+005 8.1859971224277397e+003 -7.7134378122037713e+004 2.1021769184994913e+005 2.6430672225231813e+001 -1.6706195783443373e+001 1.0397913387336033e+001 -9.7633998046360726e-001 -1.1648280929646664e+002 1.0690653835062323e+000 -1.0051107428702611e+001 2.6430672225231813e+001 1.0235038599275492e-002 -8.3407175743329797e-003 -3.9968299725273710e+000 6.5810091076234798e+000 1.6953017341340100e+002 -5.4700274095505497e-001 7.3123423428369527e+000 -1.6706195783443373e+001 -8.3407175743329797e-003 5.9794518066627264e-002</coeffs>
        </covariance>
      </sensor>
      <sensor id="16" label="unknown" type="frame">
        <resolution width="1579" height="1220"/>
        <property name="layer_index" value="0"/>
        <bands>
          <band label="Red"/>
          <band label="Green"/>
          <band label="Blue"/>
        </bands>
        <data_type>uint8</data_type>
        <calibration type="frame" class="adjusted">
          <resolution width="1579" height="1220"/>
          <f>1237.11982281291</f>
          <cx>7.37168472980617</cx>
          <cy>-54.259873635189</cy>
          <k1>-1.27048364034336</k1>
          <k2>29.6972769974021</k2>
          <k3>-216.824692194752</k3>
          <p1>0.0298748587838262</p1>
          <p2>0.0170268764322444</p2>
        </calibration>
        <covariance>
          <params>f cx cy k1 k2 k3 p1 p2</params>
          <coeffs>1.0310960589111408e+006 -1.2850381761182778e+004 -2.6979443445177429e+004 -8.4856272894102058e+003 2.8148678187782102e+005 -2.4542842796336273e+006 2.3887612766850406e+001 3.3053205073735143e+001 -1.2850381761182778e+004 2.3199371936286497e+005 1.1719666550261476e+004 2.5429525806374004e+003 -1.3801264961457520e+005 1.2755585952900818e+006 -4.6908156648889175e+001 -4.1861957813164246e+001 -2.6979443445177429e+004 1.1719666550261476e+004 8.8186465048154496e+004 5.0503488779590788e+002 -3.8069565324460076e+004 4.2925601351142395e+005 -1.2391097864109078e+001 -2.6649714428131070e+000 -8.4856272894102058e+003 2.5429525806374004e+003 5.0503488779590788e+002 1.7013001288338251e+002 -6.1002492135071916e+003 5.1730124143116045e+004 -7.0458144158867542e-001 -1.0128069826456212e+000 2.8148678187782102e+005 -1.3801264961457520e+005 -3.8069565324460076e+004 -6.1002492135071916e+003 2.3767746613622355e+005 -2.0683750582854669e+006 3.9867420138165812e+001 4.7858935561126657e+001 -2.4542842796336273e+006 1.2755585952900818e+006 4.2925601351142395e+005 5.1730124143116045e+004 -2.0683750582854669e+006 1.8207572484944321e+007 -3.7273905170617377e+002 -4.2014972696320604e+002 2.3887612766850406e+001 -4.6908156648889175e+001 -1.2391097864109078e+001 -7.0458144158867542e-001 3.9867420138165812e+001 -3.7273905170617377e+002 1.9995843213594267e-002 1.6311881624562687e-002 3.3053205073735143e+001 -4.1861957813164246e+001 -2.6649714428131070e+000 -1.0128069826456212e+000 4.7858935561126657e+001 -4.2014972696320604e+002 1.6311881624562687e-002 2.4822236434304663e-002</coeffs>
        </covariance>
      </sensor>
      <sensor id="17" label="unknown" type="frame">
        <resolution width="1580" height="1219"/>
        <property name="layer_index" value="0"/>
        <bands>
          <band label="Red"/>
          <band label="Green"/>
          <band label="Blue"/>
        </bands>
        <data_type>uint8</data_type>
        <calibration type="frame" class="adjusted">
          <resolution width="1580" height="1219"/>
          <f>1820.89764979545</f>
          <cx>-4.63268747775872</cx>
          <cy>-115.410942340514</cy>
          <k1>-0.552821108966924</k1>
          <k2>3.65712203162107</k2>
          <k3>0.945760905284918</k3>
          <p1>0.00712733773442844</p1>
          <p2>-0.00179486118388962</p2>
        </calibration>
        <covariance>
          <params>f cx cy k1 k2 k3 p1 p2</params>
          <coeffs>1.1134774784533914e+005 -9.2993578207351566e+003 -1.5989519312861799e+004 -1.9600622521786624e+002 4.7912276801959151e+003 -2.1049442248672229e+004 3.7555128337573356e+000 3.6753985538650618e+000 -9.2993578207351566e+003 5.7321296907663767e+004 1.9752643285434468e+004 2.7342852622346993e+002 -6.6351261568024429e+003 3.1618654230565851e+004 -1.3411370416931720e+000 -1.3821705325396203e+000 -1.5989519312861799e+004 1.9752643285434468e+004 4.6646004600682980e+004 1.0915625967640953e+002 -3.6238894728710693e+003 1.3523306726151439e+004 -6.0479341108982716e+000 -1.7856443795905869e-001 -1.9600622521786624e+002 2.7342852622346993e+002 1.0915625967640953e+002 3.4281685199813405e+000 -6.8179293732318285e+001 3.4419278289274592e+002 1.3606658450981938e-002 -1.6677476954950934e-002 4.7912276801959151e+003 -6.6351261568024429e+003 -3.6238894728710693e+003 -6.8179293732318285e+001 1.5812173217989266e+003 -8.1963854145952719e+003 3.9604261659642886e-001 3.6083667684255566e-001 -2.1049442248672229e+004 3.1618654230565851e+004 1.3523306726151439e+004 3.4419278289274592e+002 -8.1963854145952719e+003 4.4657487010471646e+004 -1.8943237436566565e+000 -1.9464863242452124e+000 3.7555128337573356e+000 -1.3411370416931720e+000 -6.0479341108982716e+000 1.3606658450981938e-002 3.9604261659642886e-001 -1.8943237436566565e+000 3.2490707138959464e-003 4.1917723438414987e-005 3.6753985538650618e+000 -1.3821705325396203e+000 -1.7856443795905869e-001 -1.6677476954950934e-002 3.6083667684255566e-001 -1.9464863242452124e+000 4.1917723438414987e-005 1.0005685849750899e-003</coeffs>
        </covariance>
      </sensor>
      <sensor id="18" label="unknown" type="frame">
        <resolution width="1568" height="1231"/>
        <property name="layer_index" value="0"/>
        <bands>
          <band label="Red"/>
          <band label="Green"/>
          <band label="Blue"/>
        </bands>
        <data_type>uint8</data_type>
        <calibration type="frame" class="adjusted">
          <resolution width="1568" height="1231"/>
          <f>1856.99403057473</f>
          <cx>-14.0740442773007</cx>
          <cy>-105.366686330683</cy>
          <k1>-0.588579932215196</k1>
          <k2>3.64444853668123</k2>
          <k3>2.29758859156658</k3>
          <p1>0.0111576771818941</p1>
          <p2>-0.000584203132035623</p2>
        </calibration>
        <covariance>
          <params>f cx cy k1 k2 k3 p1 p2</params>
