<?xml version="1.0" encoding="UTF-8"?>
<document version="1.5.0">
  <chunk label="Chunk 1" enabled="true">
    <sensors next_id="24">
      <sensor id="0" label="unknown" type="frame">
        <resolution width="1600" height="1185"/>
        <property name="layer_index" value="0"/>
        <bands>
          <band/>
        </bands>
        <data_type>uint8</data_type>
        <calibration type="frame" class="adjusted">
          <resolution width="1600" height="1185"/>
          <f>1645.8948734827</f>
          <cx>35.5391923755024</cx>
          <cy>27.1644445707621</cy>
          <k1>19.4273494375258</k1>
          <k2>-289.403861712038</k2>
          <k3>1516.2358120334</k3>
          <p1>0.362898085412283</p1>
          <p2>0.00152016228696582</p2>
        </calibration>
      </sensor>
      <sensor id="1" label="unknown" type="frame">
        <resolution width="1600" height="1135"/>
        <property name="layer_index" value="0"/>
        <bands>
          <band/>
        </bands>
        <data_type>uint8</data_type>
        <calibration type="frame" class="adjusted">
          <resolution width="1600" height="1135"/>
          <f>2826.18371156575</f>
          <cx>-15.8498501500063</cx>
          <cy>-32.7146410353159</cy>
          <k1>10.6158491854458</k1>
          <k2>91.8988411834019</k2>
          <k3>-24590.9121291164</k3>
          <p1>-0.0139132580566639</p1>
          <p2>-0.00111362759621306</p2>
        </calibration>
      </sensor>
      <sensor id="2" label="unknown" type="frame">
        <resolution width="1600" height="1129"/>
        <property name="layer_index" value="0"/>
        <bands>
          <band/>
        </bands>
        <data_type>uint8</data_type>
        <calibration type="frame" class="adjusted">
          <resolution width="1600" height="1129"/>
          <f>4327.90790332641</f>
          <cx>-49.0328751185736</cx>
          <cy>236.456645603759</cy>
          <k1>-3.8602365727808</k1>
          <k2>223.520527801775</k2>
          <k3>-3549.84270308669</k3>
          <p1>-0.0155071861097992</p1>
          <p2>0.0664826935810847</p2>
        </calibration>
      </sensor>
      <sensor id="3" label="unknown" type="frame">
        <resolution width="1600" height="1035"/>
        <property name="layer_index" value="0"/>
        <bands>
          <band/>
        </bands>
        <data_type>uint8</data_type>
        <rotation fixed="true"/>
      </sensor>
      <sensor id="4" label="unknown" type="frame">
        <resolution width="1600" height="1130"/>
        <property name="layer_index" value="0"/>
        <bands>
          <band/>
        </bands>
        <data_type>uint8</data_type>
        <calibration type="frame" class="adjusted">
          <resolution width="1600" height="1130"/>
          <f>7018.80634135986</f>
          <cx>-106.070113114459</cx>
          <cy>-21.9127986849486</cy>
          <k1>-145.351340569529</k1>
          <k2>206981.315850755</k2>
          <k3>-64204990.2766457</k3>
          <p1>0.0685759280659314</p1>
          <p2>0.720481791815845</p2>
        </calibration>
      </sensor>
      <sensor id="5" label="unknown" type="frame">
        <resolution width="1600" height="1192"/>
        <property name="layer_index" value="0"/>
        <bands>
          <band/>
        </bands>
        <data_type>uint8</data_type>
        <calibration type="frame" class="adjusted">
          <resolution width="1600" height="1192"/>
          <f>29128.6934345952</f>
          <cx>-148.783282613565</cx>
          <cy>-60.3156055138234</cy>
          <k1>-1557.30185281123</k1>
          <k2>5562512.24540912</k2>
          <k3>-5234909561.37068</k3>
          <p1>0.867511715771571</p1>
          <p2>-0.484111641097829</p2>
        </calibration>
      </sensor>
      <sensor id="6" label="unknown" type="frame">
        <resolution width="1600" height="1115"/>
        <property name="layer_index" value="0"/>
        <bands>
          <band/>
        </bands>
        <data_type>uint8</data_type>
        <calibration type="frame" class="adjusted">
          <resolution width="1600" height="1115"/>
          <f>9107.63994560166</f>
          <cx>987.239923453626</cx>
          <cy>778.029960692554</cy>
          <k1>-18.232030782683</k1>
          <k2>133.049190826928</k2>
          <k3>-383.400247868418</k3>
          <p1>-0.49001032821606</p1>
          <p2>-0.332742449750712</p2>
        </calibration>
      </sensor>
      <sensor id="7" label="unknown" type="frame">
        <resolution width="1591" height="1208"/>
        <property name="layer_index" value="0"/>
        <bands>
          <band/>
        </bands>
        <data_type>uint8</data_type>
        <calibration type="frame" class="adjusted">
          <resolution width="1591" height="1208"/>
          <f>1945.40494689686</f>
          <cx>-50.91647596661</cx>
          <cy>5.47316007468639</cy>
          <k1>-1.39039428440084</k1>
          <k2>4.35968508491817</k2>
          <k3>29.7923175527275</k3>
          <p1>0.0353328714212263</p1>
          <p2>0.0442227415639564</p2>
        </calibration>
      </sensor>
      <sensor id="8" label="unknown" type="frame">
        <resolution width="1570" height="1229"/>
        <property name="layer_index" value="0"/>
        <bands>
          <band/>
        </bands>
        <data_type>uint8</data_type>
        <calibration type="frame" class="adjusted">
          <resolution width="1570" height="1229"/>
          <f>3153.59955717861</f>
          <cx>36.4510211510981</cx>
          <cy>31.8982725716363</cy>
          <k1>-0.933569398622099</k1>
          <k2>294.076302670689</k2>
          <k3>-6179.10863524529</k3>
          <p1>-0.0261281337383691</p1>
          <p2>0.281889546977413</p2>
        </calibration>
      </sensor>
      <sensor id="9" label="unknown" type="frame">
        <resolution width="1600" height="1060"/>
        <property name="layer_index" value="0"/>
        <bands>
          <band/>
        </bands>
        <data_type>uint8</data_type>
        <rotation fixed="true"/>
      </sensor>
      <sensor id="10" label="unknown" type="frame">
        <resolution width="1600" height="1132"/>
        <property name="layer_index" value="0"/>
        <bands>
          <band/>
        </bands>
        <data_type>uint8</data_type>
        <calibration type="frame" class="adjusted">
          <resolution width="1600" height="1132"/>
          <f>1054.06216526028</f>
          <cx>318.630312439976</cx>
          <cy>4.64583027641199</cy>
          <k1>3.54387774891418</k1>
          <k2>-1.05835770224513</k2>
          <k3>-42.6807112445925</k3>
          <p1>0.101982133541852</p1>
          <p2>0.391373083687257</p2>
        </calibration>
      </sensor>
      <sensor id="11" label="unknown" type="frame">
        <resolution width="1600" height="1146"/>
        <property name="layer_index" value="0"/>
        <bands>
          <band/>
        </bands>
        <data_type>uint8</data_type>
        <calibration type="frame" class="adjusted">
          <resolution width="1600" height="1146"/>
          <f>1811.87680927597</f>
          <cx>-260.171765670045</cx>
          <cy>42.9594844223903</cy>
          <k1>1.42779338038794</k1>
          <k2>-5.58440119020349</k2>
          <k3>9.75793614190884</k3>
          <p1>-0.0622160833172606</p1>
          <p2>0.0262917283123537</p2>
        </calibration>
      </sensor>
      <sensor id="12" label="unknown" type="frame">
        <resolution width="1600" height="1123"/>
        <property name="layer_index" value="0"/>
        <bands>
          <band/>
        </bands>
        <data_type>uint8</data_type>
        <calibration type="frame" class="adjusted">
          <resolution width="1600" height="1123"/>
          <f>2045.38095136035</f>
          <cx>257.731641188776</cx>
          <cy>-86.6263136661739</cy>
          <k1>1.1832454145357</k1>
          <k2>65.1795079214059</k2>
          <k3>-430.535108977907</k3>
          <p1>-0.135501381544171</p1>
          <p2>-0.284403499697478</p2>
        </calibration>
      </sensor>
      <sensor id="13" label="unknown" type="frame">
        <resolution width="1599" height="1200"/>
        <property name="layer_index" value="0"/>
        <bands>
          <band/>
        </bands>
        <data_type>uint8</data_type>
        <rotation fixed="true"/>
      </sensor>
      <sensor id="14" label="unknown" type="frame">
        <resolution width="1032" height="1600"/>
        <property name="layer_index" value="0"/>
        <bands>
          <band/>
        </bands>
        <data_type>uint8</data_type>
        <calibration type="frame" class="adjusted">
          <resolution width="1032" height="1600"/>
          <f>2475.2634062074</f>
          <cx>120.520001050248</cx>
          <cy>-63.7799936195368</cy>
          <k1>-5.7170854946512</k1>
          <k2>80.016265525142</k2>
          <k3>-287.5898331664</k3>
          <p1>0.087691764555775</p1>
          <p2>0.0012918731853111</p2>
        </calibration>
      </sensor>
      <sensor id="15" label="unknown" type="frame">
        <resolution width="1600" height="1071"/>
        <property name="layer_index" value="0"/>
        <bands>
          <band/>
        </bands>
        <data_type>uint8</data_type>
        <rotation fixed="true"/>
      </sensor>
      <sensor id="16" label="unknown" type="frame">
        <resolution width="1600" height="1062"/>
        <property name="layer_index" value="0"/>
        <bands>
          <band/>
        </bands>
        <data_type>uint8</data_type>
        <rotation fixed="true"/>
      </sensor>
      <sensor id="17" label="unknown" type="frame">
        <resolution width="1600" height="1184"/>
        <property name="layer_index" value="0"/>
        <bands>
          <band/>
        </bands>
        <data_type>uint8</data_type>
        <calibration type="frame" class="adjusted">
          <resolution width="1600" height="1184"/>
          <f>2895.98102208906</f>
          <cx>-164.030685208948</cx>
          <cy>66.377410773424</cy>
          <k1>0.280094431225984</k1>
          <k2>86.0119925433459</k2>
          <k3>-1601.5059666789</k3>
          <p1>-0.0169668299848992</p1>
          <p2>0.196610421519143</p2>
        </calibration>
      </sensor>
      <sensor id="18" label="unknown" type="frame">
        <resolution width="1600" height="1150"/>
        <property name="layer_index" value="0"/>
        <bands>
          <band/>
        </bands>
        <data_type>uint8</data_type>
        <calibration type="frame" class="adjusted">
          <resolution width="1600" height="1150"/>
          <f>2824.25714208363</f>
          <cx>-46.1780502926095</cx>
          <cy>-67.718197293064</cy>
          <k1>2.13563092160637</k1>
          <k2>-4.21344512815988</k2>
          <k3>-560.263916504913</k3>
          <p1>-0.0328887380600089</p1>
          <p2>0.0514552980457929</p2>
        </calibration>
      </sensor>
      <sensor id="19" label="unknown" type="frame">
        <resolution width="1600" height="1177"/>
        <property name="layer_index" value="0"/>
        <bands>
          <band/>
        </bands>
        <data_type>uint8</data_type>
        <rotation fixed="true"/>
      </sensor>
      <sensor id="20" label="unknown" type="frame">
        <resolution width="1600" height="1175"/>
        <property name="layer_index" value="0"/>
        <bands>
          <band/>
        </bands>
        <data_type>uint8</data_type>
        <rotation fixed="true"/>
      </sensor>
      <sensor id="21" label="unknown" type="frame">
        <resolution width="1600" height="991"/>
        <property name="layer_index" value="0"/>
        <bands>
          <band/>
        </bands>
        <data_type>uint8</data_type>
        <rotation fixed="true"/>
      </sensor>
      <sensor id="22" label="unknown" type="frame">
        <resolution width="1600" height="1051"/>
        <property name="layer_index" value="0"/>
        <bands>
          <band label="Red"/>
          <band label="Green"/>
          <band label="Blue"/>
        </bands>
        <data_type>uint8</data_type>
        <rotation fixed="true"/>
      </sensor>
      <sensor id="23" label="unknown" type="frame">
        <resolution width="1581" height="1218"/>
        <property name="layer_index" value="0"/>
        <bands>
          <band label="Red"/>
          <band label="Green"/>
          <band label="Blue"/>
        </bands>
        <data_type>uint8</data_type>
        <calibration type="frame" class="adjusted">
          <resolution width="1581" height="1218"/>
          <f>2403.18513307097</f>
          <cx>-8.22591344559986</cx>
          <cy>-96.4613087728776</cy>
          <k1>3.57973510504288</k1>
          <k2>-60.1066584234671</k2>
          <k3>164.030198938447</k3>
          <p1>-0.0474517901377124</p1>
          <p2>0.0115561891911982</p2>
        </calibration>
      </sensor>
    </sensors>
    <cameras next_id="26" next_group_id="0">
      <camera id="0" sensor_id="0" label="df_hauptkatalog_0006684">
        <transform>4.7486782295540353e-001 -6.0553162819127503e-002 8.7797144896300350e-001 -4.2180397007282675e+000 8.5351128277623450e-002 -9.8975839542066835e-001 -1.1442684823082662e-001 8.1649388358206398e-001 8.7590852012258247e-001 1.2927348207155323e-001 -4.6483613371785504e-001 -1.0771053012805603e+000 0 0 0 1</transform>
      </camera>
      <camera id="1" sensor_id="1" label="df_hauptkatalog_0006921">
        <transform>9.6277729412555679e-001 -1.6837590169291945e-002 -2.6977097225899371e-001 3.1269311298246794e+000 -5.3166819547229821e-002 -9.9035673345977682e-001 -1.2793291128600534e-001 1.2704175747636304e+000 -2.6501541693928699e-001 1.3751376675871976e-001 -9.5438817717756974e-001 4.6292546141000912e+000 0 0 0 1</transform>
      </camera>
      <camera id="2" sensor_id="2" label="df_hauptkatalog_0006922">
        <transform>9.1540966994743356e-001 2.1827815250705349e-002 -4.0193119143469297e-001 5.7201404466026942e+000 -7.2297425062629733e-002 -9.7337442876956148e-001 -2.1752081221539052e-001 2.0658380255436448e+000 -3.9597754796963452e-001 2.2817924510987150e-001 -8.8945826973784725e-001 9.3300914894921334e+000 0 0 0 1</transform>
      </camera>
      <camera id="4" sensor_id="4" label="df_hauptkatalog_0008800">
        <transform>8.8544274321341665e-001 -2.1002251918774865e-002 -4.6427368426935450e-001 1.6668119946146003e+001 -6.7323351259906281e-002 -9.9423772755098427e-001 -8.3420066467188039e-002 2.5803343224242221e+000 -4.5984640355866130e-001 1.0512015281854907e-001 -8.8175452287219358e-001 2.6194978893785326e+001 0 0 0 1</transform>
      </camera>
      <camera id="5" sensor_id="5" label="df_hauptkatalog_0041699">
        <transform>8.9631058032478972e-001 -2.8341776723378391e-002 -4.4252015467094863e-001 4.0778197504045124e+001 -5.9844967832627556e-002 -9.9655665149852601e-001 -5.7388327899992868e-002 4.6616035683538470e+000 -4.3936991638362077e-001 7.7920369905484232e-002 -8.9492038334750346e-001 7.4010491441467053e+001 0 0 0 1</transform>
      </camera>
      <camera id="6" sensor_id="6" label="df_hauptkatalog_0044633">
        <transform>7.5502402529861357e-001 6.2907311807416016e-002 6.5267249930040983e-001 -3.0798112962899600e+000 1.1885576075239690e-001 -9.9202796031035978e-001 -4.1878802495252866e-002 -4.5317413364457104e-001 6.4483488534496014e-001 1.0919338846116988e-001 -7.5648184020405951e-001 2.9422672740460536e+000 0 0 0 1</transform>
      </camera>
      <camera id="7" sensor_id="7" label="df_hauptkatalog_0044634">
        <transform>4.2536789748823112e-001 2.2431570471989598e-002 9.0474249178017607e-001 -2.5752631257857623e+000 1.6495853822863615e-001 -9.8486804504380643e-001 -5.3137693938130066e-002 -6.4748215046953578e-002 8.8986000722131187e-001 1.7184806806522723e-001 -4.2263152869886034e-001 -1.4366244830642427e+000 0 0 0 1</transform>
      </camera>
      <camera id="8" sensor_id="8" label="df_hauptkatalog_0087273_001">
        <transform>9.0655110713669251e-001 -2.4193796323083210e-002 -4.2140212430493729e-001 3.6323852770340954e+000 -4.4243282365336041e-002 -9.9830297691237502e-001 -3.7864208078753875e-002 1.1368549263480285e-002 -4.1977091623262541e-001 5.2970052929624215e-002 -9.0608308193998144e-001 2.4967497284148701e+000 0 0 0 1</transform>
      </camera>
      <camera id="10" sensor_id="10" label="df_hauptkatalog_0129413">
        <transform>6.9440534703434798e-001 3.4810089288456192e-002 -7.1874158895519324e-001 3.8651854705354114e+000 -1.3471816813191048e-001 -9.7487956946167220e-001 -1.7737203900673537e-001 3.7397211824300203e-001 -7.0686082730993693e-001 2.1999564252492426e-001 -6.7227203428727944e-001 -1.1324694983348420e+000 0 0 0 1</transform>
      </camera>
      <camera id="11" sensor_id="11" label="df_hauptkatalog_0129414">
        <transform>9.1925711188707948e-001 1.7776265156075135e-002 -3.9325610820701279e-001 8.9762578203248666e-001 -7.7885125244785178e-002 -9.7101955000750506e-001 -2.2595340397707342e-001 1.7372803544360236e+000 -3.8587597685089053e-001 2.3833807480199909e-001 -8.9123212048772549e-001 5.4940344504389280e+000 0 0 0 1</transform>
      </camera>
      <camera id="12" sensor_id="12" label="df_hauptkatalog_0186619">
        <transform>7.8393552863281624e-001 -1.4459262255251604e-001 -6.0376987375205471e-001 4.7169591829617321e+000 -9.9540367136539479e-002 -9.8919303043578333e-001 1.0765158543929720e-001 -1.2418168635823956e-001 -6.1281057616322965e-001 -2.4292427640254632e-002 -7.8985636396868608e-001 2.1983742112578586e+000 0 0 0 1</transform>
      </camera>
      <camera id="14" sensor_id="14" label="df_hauptkatalog_0212705_007">
        <transform>1.5210591467855794e-001 5.8093405905748685e-002 9.8665543474409978e-001 -2.7756567745815928e+000 1.0205502478382869e-001 -9.9385827405205107e-001 4.2784378161312135e-002 -3.6789298920624097e-001 9.8308115770579729e-001 9.4185387871728671e-002 -1.5710044581502902e-001 -3.5123027712796913e+000 0 0 0 1</transform>
      </camera>
      <camera id="15" sensor_id="15" label="df_hauptkatalog_0212705_027"/>
      <camera id="17" sensor_id="17" label="df_hauptkatalog_0281477">
        <transform>8.9679649449240784e-001 -4.7734073486222224e-002 -4.3986077990034600e-001 3.3199940633490335e+000 -6.2388321955855593e-002 -9.9787282109960684e-001 -1.8908468849818352e-002 -1.4098683550690663e-001 -4.3802253908864230e-001 4.4399224532912507e-002 -8.9786689665629993e-001 1.5465161681173714e+000 0 0 0 1</transform>
      </camera>
      <camera id="18" sensor_id="18" label="df_hauptkatalog_0282302">
        <transform>9.9413379061963947e-001 9.8827588746131477e-003 1.0770486258871426e-001 -1.7186682682467533e-001 7.5100070027714497e-003 -9.9972057779656365e-001 2.2413525490724777e-002 -8.1155248627284543e-002 1.0789627492664372e-001 -2.1473178784970348e-002 -9.9393022715370860e-001 9.7684684460736426e-001 0 0 0 1</transform>
      </camera>
      <camera id="19" sensor_id="19" label="df_hauptkatalog_0430802"/>
      <camera id="20" sensor_id="19" label="df_hauptkatalog_0491836"/>
      <camera id="21" sensor_id="20" label="df_hauptkatalog_0491837"/>
      <camera id="22" sensor_id="2" label="df_hauptkatalog_0504611">
        <transform>9.6177479887526141e-001 -3.0348281713912573e-002 -2.7215476855176035e-001 2.3450326640332326e+000 -4.3335911779733241e-002 -9.9818417204885934e-001 -4.1837273110855527e-002 -1.6402710012684268e-001 -2.7039089296547769e-001 5.2032109972075288e-002 -9.6134355177178232e-001 2.1106708742774711e+000 0 0 0 1</transform>
      </camera>
      <camera id="25" sensor_id="23" label="df_pos-2012-c_0000035">
        <transform>9.6065896166074305e-001 5.2724255410552215e-002 2.7268023814040199e-001 -1.0120908485598479e+000 3.9042045919325891e-002 -9.9770255993477974e-001 5.5365337080346286e-002 -2.0557214700115478e-001 2.7497286780941999e-001 -4.2541212852832189e-002 -9.6051036807401158e-001 4.0755710107935150e-001 0 0 0 1</transform>
      </camera>
    </cameras>
    <markers next_id="50" next_group_id="0">
      <marker id="0" label="front_door_middle"/>
      <marker id="1" label="front_roof_middle"/>
      <marker id="2" label="front_roof_right"/>
      <marker id="3" label="front_roof_left"/>
      <marker id="4" label="back_roof_right"/>
      <marker id="5" label="front_first_floor_right"/>
      <marker id="6" label="front_first_floor_left"/>
      <marker id="7" label="front_second_floor_left"/>
      <marker id="8" label="front_second_floor_right"/>
      <marker id="9" label="front_arch_middle"/>
      <marker id="10" label="front_third_floor_left1"/>
      <marker id="11" label="front_third_floor_right"/>
      <marker id="12" label="back_second_floor_right"/>
      <marker id="14" label="front_arch_top_right"/>
      <marker id="17" label="front_arch_top_left"/>
      <marker id="18" label="back_roof_left"/>
      <marker id="19" label="hotel_bellevue_roof_tr">
        <reference x="1.70528995990753" y="0.0799895524978638" z="-3.67058992385864" enabled="false"/>
      </marker>
      <marker id="20" label="king_johann_front_right">
        <reference x="0.845743000507355" y="-0.14621439576149" z="-2.59310436248779" enabled="false"/>
      </marker>
      <marker id="21" label="king_johann_back_left">
        <reference x="0.832988083362579" y="-0.208087980747223" z="-2.61609482765198" enabled="false"/>
      </marker>
      <marker id="22" label="zwinger_top_right">
        <reference x="1.04490530490875" y="0.0490388162434101" z="-4.2517204284668" enabled="false"/>
      </marker>
      <marker id="23" label="chimney">
        <reference x="0.665247976779938" y="-0.355673253536224" z="-3.82184219360352" enabled="false"/>
      </marker>
      <marker id="24" label="hotel_roof_peak">
        <reference x="1.74443531036377" y="0.126212030649185" z="-3.56951570510864" enabled="false"/>
      </marker>
      <marker id="25" label="yenidze_peak"/>
      <marker id="26" label="yenidze_chimney">
        <reference x="1.60966241359711" y="0.346919685602188" z="-5.6112380027771" enabled="false"/>
      </marker>
      <marker id="27" label="hotel_bellevue_o">
        <reference x="0.716839134693146" y="-0.23099659383297" z="-2.96129941940308" enabled="false"/>
      </marker>
      <marker id="28" label="king_johann_nose">
        <reference x="1.11979830265045" y="0.291700005531311" z="-2.37056136131287" enabled="false"/>
      </marker>
      <marker id="29" label="dreikoenigskirche">
        <reference x="0.960465848445892" y="0.187003433704376" z="-1.8560174703598" enabled="false"/>
      </marker>
      <marker id="30" label="near_dkk_tower">
        <reference x="0.711389780044556" y="0.0953769981861115" z="-1.69554269313812" enabled="false"/>
      </marker>
      <marker id="31" label="zwinger_arch">
        <reference x="-3.12062406539917" y="0.237321063876152" z="-3.52342176437378" enabled="false"/>
      </marker>
      <marker id="32" label="quadriga_spear">
        <reference x="0.305589109659195" y="0.530287325382233" z="-3.96745753288269" enabled="false"/>
      </marker>
      <marker id="33" label="quadriga_left_wheel">
        <reference x="0.570328652858734" y="0.508775770664215" z="-4.99909782409668" enabled="false"/>
      </marker>
      <marker id="34" label="quadriga_right_wheel">
        <reference x="0.413784354925156" y="0.369481861591339" z="-3.90424013137817" enabled="false"/>
      </marker>
      <marker id="35" label="crown">
        <reference x="0.588143169879913" y="0.755448162555695" z="-5.28373432159424" enabled="false"/>
      </marker>
      <marker id="36" label="dome"/>
      <marker id="37" label="statue_left">
        <reference x="0.268756151199341" y="-0.353820741176605" z="-3.63518166542053" enabled="false"/>
      </marker>
      <marker id="39" label="left_gate"/>
      <marker id="40" label="left_side_middle_window">
        <reference x="-0.0879324749112129" y="-0.0617135837674141" z="-4.10654258728027" enabled="false"/>
      </marker>
      <marker id="41" label="left_side_window_first_floor">
        <reference x="1.22016930580139" y="-0.288646191358566" z="-4.04302644729614" enabled="false"/>
      </marker>
      <marker id="42" label="middle_gate_top_right">
        <reference x="0.610475540161133" y="-0.189402058720589" z="-3.57394981384277" enabled="false"/>
      </marker>
      <marker id="43" label="statue_far_left">
        <reference x="-0.48520839214325" y="-0.439809620380402" z="-4.49314117431641" enabled="false"/>
      </marker>
      <marker id="44" label="statue_right">
        <reference x="0.475096046924591" y="-0.349593073129654" z="-3.56810474395752" enabled="false"/>
      </marker>
      <marker id="45" label="left_window_top_floor">
        <reference x="0.83997517824173" y="0.459382116794586" z="-4.95794820785522" enabled="false"/>
      </marker>
      <marker id="46" label="window_first_floor_right_tm"/>
      <marker id="47" label="right_window_top_floor"/>
      <marker id="48" label="hofkirche_statue">
        <reference x="-2.01407957077026" y="-0.277720719575882" z="-3.67742776870728" enabled="false"/>
      </marker>
    </markers>
    <reference>LOCAL_CS["Local Coordinates (m)",LOCAL_DATUM["Local Datum",0],UNIT["metre",1,AUTHORITY["EPSG","9001"]]]</reference>
    <region>
      <center>5.4590303957334430e-001 4.4433438870332687e-002 -4.3847384306605548e+000</center>
      <size>3.5294513066609703e+000 2.7724700291951496e+000 1.6737971623738606e+000</size>
      <R>-8.9295876575824917e-001 5.8467976840987153e-002 -4.4632514867484946e-001 -4.4451242142209257e-001 -2.7081009585030069e-001 8.5385631062083212e-001 -7.0946105298126144e-002 9.6085554984590327e-001 2.6781199090659569e-001</R>
    </region>
    <settings>
      <property name="accuracy_tiepoints" value="1"/>
      <property name="accuracy_cameras" value="10"/>
      <property name="accuracy_cameras_ypr" value="10"/>
      <property name="accuracy_markers" value="0.005"/>
      <property name="accuracy_scalebars" value="0.001"/>
      <property name="accuracy_projections" value="0.1"/>
    </settings>
    <meta>
      <property name="AlignCameras/adaptive_fitting" value="false"/>
      <property name="AlignCameras/cameras" value=""/>
      <property name="AlignCameras/duration" value="1.145"/>
      <property name="AlignCameras/network_distribute" value="true"/>
      <property name="AlignCameras/reset_alignment" value="false"/>
      <property name="OptimizeCameras/sigma0" value="24.6834345838205"/>
    </meta>
    <frames next_id="1">
      <frame id="0">
        <markers>
          <marker marker_id="0">
            <location camera_id="0" pinned="true" x="772.627" y="800.274"/>
            <location camera_id="1" pinned="true" x="633.022" y="691.59"/>
            <location camera_id="2" pinned="true" x="846.158" y="571.301"/>
            <location camera_id="4" pinned="true" x="578.586" y="557.333"/>
            <location camera_id="5" pinned="true" x="90.6742" y="535.483"/>
            <location camera_id="6" pinned="true" x="285.818" y="660.722"/>
            <location camera_id="8" pinned="true" x="624.207" y="679.935"/>
            <location camera_id="10" pinned="true" x="968.674" y="573.907"/>
            <location camera_id="11" pinned="true" x="1209.09" y="575.795"/>
            <location camera_id="12" pinned="true" x="1089.1" y="721.808"/>
            <location camera_id="15" pinned="true" x="913.184" y="548.346"/>
            <location camera_id="17" pinned="true" x="426.312" y="697.449"/>
            <location camera_id="18" pinned="true" x="730.167" y="706.315"/>
            <location camera_id="19" pinned="true" x="9.56731" y="1108.54"/>
            <location camera_id="20" pinned="true" x="1039.12" y="1088.22"/>
            <location camera_id="22" pinned="true" x="464.98" y="732.947"/>
            <location camera_id="25" pinned="true" x="859.36" y="705.394"/>
          </marker>
          <marker marker_id="1">
            <location camera_id="0" pinned="true" x="394.165" y="390.661"/>
            <location camera_id="1" pinned="true" x="850.929" y="328.58"/>
            <location camera_id="2" pinned="true" x="1071.59" y="248.446"/>
            <location camera_id="4" pinned="true" x="764.241" y="348.554"/>
            <location camera_id="5" pinned="true" x="376.279" y="232.504"/>
            <location camera_id="6" pinned="true" x="29.8678" y="70.9783"/>
            <location camera_id="8" pinned="true" x="994.129" y="300.96"/>
            <location camera_id="10" pinned="true" x="1267.51" y="312.054"/>
            <location camera_id="11" pinned="true" x="1293.45" y="327.891"/>
            <location camera_id="12" pinned="true" x="1361.47" y="465.072"/>
            <location camera_id="14" pinned="true" x="3.10771" y="135.812"/>
            <location camera_id="15" pinned="true" x="797.982" y="140.199"/>
            <location camera_id="17" pinned="true" x="824.5" y="297.293"/>
            <location camera_id="18" pinned="true" x="794.568" y="239.857"/>
            <location camera_id="19" pinned="true" x="269.862" y="746.559"/>
            <location camera_id="20" pinned="true" x="1338.55" y="630.126"/>
            <location camera_id="21" pinned="true" x="611.707" y="796.04"/>
            <location camera_id="22" pinned="true" x="901.008" y="173.224"/>
            <location camera_id="25" pinned="true" x="785.646" y="292.883"/>
          </marker>
          <marker marker_id="2">
            <location camera_id="0" pinned="true" x="535.654" y="464.361"/>
            <location camera_id="1" pinned="true" x="1016.04" y="378.392"/>
            <location camera_id="2" pinned="true" x="1215.83" y="294.667"/>
            <location camera_id="4" pinned="true" x="856.354" y="379.367"/>
            <location camera_id="5" pinned="true" x="509.589" y="279.553"/>
            <location camera_id="7" pinned="true" x="145.843" y="216.675"/>
            <location camera_id="8" pinned="true" x="1197.39" y="351.574"/>
            <location camera_id="10" pinned="true" x="1379.02" y="332.763"/>
            <location camera_id="11" pinned="true" x="1423.42" y="362.407"/>
            <location camera_id="12" pinned="true" x="1499.55" y="478.839"/>
            <location camera_id="15" pinned="true" x="1026.46" y="217.797"/>
            <location camera_id="17" pinned="true" x="1035.1" y="344.385"/>
            <location camera_id="18" pinned="true" x="1064.04" y="326.191"/>
            <location camera_id="19" pinned="true" x="444.378" y="817.823"/>
            <location camera_id="20" pinned="true" x="1508.62" y="724.066"/>
            <location camera_id="21" pinned="true" x="776.555" y="877.95"/>
            <location camera_id="22" pinned="true" x="1212.98" y="246.969"/>
            <location camera_id="25" pinned="true" x="1028.04" y="382.295"/>
          </marker>
          <marker marker_id="3">
            <location camera_id="0" pinned="true" x="216.221" y="450.567"/>
            <location camera_id="1" pinned="true" x="698.742" y="389.9"/>
            <location camera_id="2" pinned="true" x="941.782" y="303.19"/>
            <location camera_id="4" pinned="true" x="677.7" y="390.513"/>
            <location camera_id="5" pinned="true" x="251.161" y="292.431"/>
            <location camera_id="10" pinned="true" x="1181.49" y="376.728"/>
            <location camera_id="11" pinned="true" x="1175.3" y="370.296"/>
            <location camera_id="12" pinned="true" x="1254.58" y="535.527"/>
            <location camera_id="15" pinned="true" x="562.115" y="212.413"/>
            <location camera_id="17" pinned="true" x="644.038" y="395.662"/>
            <location camera_id="18" pinned="true" x="530.986" y="331.424"/>
            <location camera_id="19" pinned="true" x="113.161" y="793.529"/>
            <location camera_id="20" pinned="true" x="1182.66" y="656.445"/>
            <location camera_id="21" pinned="true" x="458.169" y="832.711"/>
            <location camera_id="22" pinned="true" x="619.314" y="309.296"/>
            <location camera_id="25" pinned="true" x="538.16" y="361.949"/>
          </marker>
          <marker marker_id="4">
            <location camera_id="1" pinned="true" x="1099.76" y="394.473"/>
            <location camera_id="2" pinned="true" x="1318.76" y="305.157"/>
            <location camera_id="4" pinned="true" x="957.318" y="390.185"/>
            <location camera_id="5" pinned="true" x="660.745" y="297.852"/>
            <location camera_id="8" pinned="true" x="1345.59" y="414.335"/>
            <location camera_id="10" pinned="true" x="1561.57" y="341.046"/>
            <location camera_id="11" pinned="true" x="1445.71" y="367.732"/>
            <location camera_id="17" pinned="true" x="1183.57" y="413.714"/>
            <location camera_id="19" pinned="true" x="572.735" y="746.964"/>
            <location camera_id="21" pinned="true" x="908.87" y="814.032"/>
            <location camera_id="22" pinned="true" x="1355.02" y="351.497"/>
          </marker>
          <marker marker_id="5">
            <location camera_id="0" pinned="true" x="888.284" y="715.012"/>
            <location camera_id="1" pinned="true" x="1099.52" y="667.021"/>
            <location camera_id="2" pinned="true" x="1255.15" y="562.234"/>
            <location camera_id="4" pinned="true" x="838.653" y="544.582"/>
            <location camera_id="5" pinned="true" x="472.388" y="519.581"/>
            <location camera_id="6" pinned="true" x="856.321" y="674.047"/>
            <location camera_id="8" pinned="true" x="1244.34" y="662.165"/>
            <location camera_id="10" pinned="true" x="1279.05" y="559.58"/>
            <location camera_id="11" pinned="true" x="1546.39" y="565.433"/>
            <location camera_id="12" pinned="true" x="1474.22" y="689.598"/>
            <location camera_id="15" pinned="true" x="1382.87" y="530.847"/>
            <location camera_id="17" pinned="true" x="1090.02" y="661.007"/>
            <location camera_id="18" pinned="true" x="1412.85" y="692.178"/>
            <location camera_id="20" pinned="true" x="1498.8" y="1139.42"/>
            <location camera_id="22" pinned="true" x="1401.72" y="686.675"/>
            <location camera_id="25" pinned="true" x="1399.24" y="702.987"/>
          </marker>
          <marker marker_id="6">
            <location camera_id="1" pinned="true" x="408" y="643.901"/>
            <location camera_id="2" pinned="true" x="683.438" y="523.786"/>
            <location camera_id="8" pinned="true" x="424.747" y="671.71"/>
            <location camera_id="12" pinned="true" x="1021.56" y="721.171"/>
            <location camera_id="14" pinned="true" x="14.5875" y="685.84"/>
            <location camera_id="15" pinned="true" x="319.507" y="538.926"/>
            <location camera_id="17" pinned="true" x="238.299" y="698.818"/>
            <location camera_id="18" pinned="true" x="125.679" y="691.524"/>
            <location camera_id="20" pinned="true" x="862.75" y="925.687"/>
            <location camera_id="21" pinned="true" x="103.471" y="1110.07"/>
            <location camera_id="22" pinned="true" x="64.5794" y="730.298"/>
            <location camera_id="25" pinned="true" x="206.122" y="678.715"/>
          </marker>
          <marker marker_id="7">
            <location camera_id="0" pinned="true" x="255.016" y="696.441"/>
            <location camera_id="1" pinned="true" x="404.574" y="561.503"/>
            <location camera_id="2" pinned="true" x="678.521" y="451.997"/>
            <location camera_id="8" pinned="true" x="420.927" y="567.894"/>
            <location camera_id="11" pinned="true" x="1005.06" y="485.541"/>
            <location camera_id="12" pinned="true" x="1016.14" y="664.143"/>
            <location camera_id="14" pinned="true" x="19.3799" y="410.221"/>
            <location camera_id="15" pinned="true" x="310.808" y="406.739"/>
            <location camera_id="17" pinned="true" x="232.246" y="588.585"/>
            <location camera_id="18" pinned="true" x="121.419" y="539.482"/>
            <location camera_id="20" pinned="true" x="861.988" y="848.935"/>
            <location camera_id="21" pinned="true" x="135.114" y="1054.88"/>
            <location camera_id="22" pinned="true" x="53.1708" y="573.138"/>
            <location camera_id="25" pinned="true" x="204.321" y="533.151"/>
          </marker>
          <marker marker_id="8">
            <location camera_id="0" pinned="true" x="872.322" y="642.1"/>
            <location camera_id="1" pinned="true" x="1100.17" y="569.335"/>
            <location camera_id="2" pinned="true" x="1255.98" y="472.244"/>
            <location camera_id="4" pinned="true" x="838.98" y="485.904"/>
            <location camera_id="5" pinned="true" x="474.618" y="433.88"/>
            <location camera_id="8" pinned="true" x="1248.53" y="525.223"/>
            <location camera_id="10" pinned="true" x="1278.73" y="472.923"/>
            <location camera_id="11" pinned="true" x="1551.4" y="496.748"/>
            <location camera_id="12" pinned="true" x="1474.86" y="597.525"/>
            <location camera_id="15" pinned="true" x="1384.53" y="405.444"/>
            <location camera_id="17" pinned="true" x="1090.68" y="514.499"/>
            <location camera_id="18" pinned="true" x="1420.7" y="531.281"/>
            <location camera_id="19" pinned="true" x="482.386" y="1130.03"/>
            <location camera_id="20" pinned="true" x="1509.63" y="1047.66"/>
            <location camera_id="22" pinned="true" x="1408.15" y="483.804"/>
            <location camera_id="25" pinned="true" x="1404.87" y="567.013"/>
          </marker>
          <marker marker_id="9">
            <location camera_id="0" pinned="true" x="760.565" y="631.77"/>
            <location camera_id="1" pinned="true" x="638.595" y="535.227"/>
            <location camera_id="2" pinned="true" x="854.153" y="435.634"/>
            <location camera_id="4" pinned="true" x="582.822" y="468.906"/>
            <location camera_id="5" pinned="true" x="99.9555" y="403.613"/>
            <location camera_id="6" pinned="true" x="291.253" y="331.978"/>
            <location camera_id="7" pinned="true" x="359.254" y="344.495"/>
            <location camera_id="8" pinned="true" x="642.535" y="481.789"/>
            <location camera_id="10" pinned="true" x="975.262" y="466.736"/>
            <location camera_id="11" pinned="true" x="1211.72" y="473.18"/>
            <location camera_id="12" pinned="true" x="1096.11" y="606.797"/>
            <location camera_id="14" pinned="true" x="860.53" y="465.263"/>
            <location camera_id="15" pinned="true" x="907.359" y="329.132"/>
            <location camera_id="17" pinned="true" x="444.533" y="481.226"/>
            <location camera_id="18" pinned="true" x="734.396" y="430.839"/>
            <location camera_id="20" pinned="true" x="1052.77" y="941.911"/>
            <location camera_id="21" pinned="true" x="343.474" y="1134.77"/>
            <location camera_id="22" pinned="true" x="482.01" y="421.911"/>
            <location camera_id="25" pinned="true" x="858.252" y="448.18"/>
          </marker>
          <marker marker_id="10">
            <location camera_id="0" pinned="true" x="368.856" y="558.207"/>
            <location camera_id="1" pinned="true" x="550.333" y="470.565"/>
            <location camera_id="11" pinned="true" x="1108.42" y="428.331"/>
            <location camera_id="14" pinned="true" x="156.339" y="257.15"/>
            <location camera_id="15" pinned="true" x="530.478" y="277.847"/>
            <location camera_id="18" pinned="true" x="393.636" y="391.596"/>
            <location camera_id="20" pinned="true" x="1010.2" y="773.287"/>
            <location camera_id="21" pinned="true" x="288.303" y="974.841"/>
            <location camera_id="22" pinned="true" x="331.4" y="397.076"/>
            <location camera_id="25" pinned="true" x="464.505" y="405.136"/>
          </marker>
