<?xml version="1.0" encoding="UTF-8"?>
<document version="1.5.0">
  <chunk label="Chunk 1" enabled="true">
    <sensors next_id="23">
      <sensor id="0" label="unknown" type="frame">
        <resolution width="1600" height="1133"/>
        <property name="layer_index" value="0"/>
        <bands>
          <band/>
        </bands>
        <data_type>uint8</data_type>
        <calibration type="frame" class="adjusted">
          <resolution width="1600" height="1133"/>
          <f>1999.38079166892</f>
          <cx>-18.3682276401465</cx>
          <cy>160.32063675269</cy>
          <k1>0.862281017463493</k1>
          <k2>-42.3807130220603</k2>
          <k3>534.272274132179</k3>
          <p1>0.0045088493774447</p1>
          <p2>-0.0193210430271759</p2>
        </calibration>
      </sensor>
      <sensor id="1" label="unknown" type="frame">
        <resolution width="1590" height="1209"/>
        <property name="layer_index" value="0"/>
        <bands>
          <band/>
        </bands>
        <data_type>uint8</data_type>
        <calibration type="frame" class="adjusted">
          <resolution width="1590" height="1209"/>
          <f>1463.04245941202</f>
          <cx>-80.2432130435499</cx>
          <cy>227.559866731771</cy>
          <k1>0.223840514440558</k1>
          <k2>-1.62778066357098</k2>
          <k3>3.50063046116543</k3>
          <p1>0.00242598245512349</p1>
          <p2>0.000851877087188101</p2>
        </calibration>
      </sensor>
      <sensor id="2" label="unknown" type="frame">
        <resolution width="1600" height="1146"/>
        <property name="layer_index" value="0"/>
        <bands>
          <band/>
        </bands>
        <data_type>uint8</data_type>
        <rotation fixed="true"/>
      </sensor>
      <sensor id="3" label="unknown" type="frame">
        <resolution width="1600" height="1152"/>
        <property name="layer_index" value="0"/>
        <bands>
          <band/>
        </bands>
        <data_type>uint8</data_type>
        <calibration type="frame" class="adjusted">
          <resolution width="1600" height="1152"/>
          <f>1469.6047598897</f>
          <cx>-104.854603573346</cx>
          <cy>304.289182395543</cy>
          <k1>-0.261276308649454</k1>
          <k2>0.785448949641312</k2>
          <k3>-0.998481169577987</k3>
          <p1>0.00286182683077305</p1>
          <p2>-0.0191163031417465</p2>
        </calibration>
      </sensor>
      <sensor id="4" label="unknown" type="frame">
        <resolution width="1161" height="1600"/>
        <property name="layer_index" value="0"/>
        <bands>
          <band/>
        </bands>
        <data_type>uint8</data_type>
        <calibration type="frame" class="adjusted">
          <resolution width="1161" height="1600"/>
          <f>1599.97992245599</f>
          <cx>-158.887449100557</cx>
          <cy>50.8322143452685</cy>
          <k1>0.00169392380798545</k1>
          <k2>6.50071907428267</k2>
          <k3>-17.2108216404322</k3>
          <p1>-0.00990859797333599</p1>
          <p2>0.0841001252074391</p2>
        </calibration>
      </sensor>
      <sensor id="5" label="unknown" type="frame">
        <resolution width="1600" height="1127"/>
        <property name="layer_index" value="0"/>
        <bands>
          <band/>
        </bands>
        <data_type>uint8</data_type>
        <rotation fixed="true"/>
      </sensor>
      <sensor id="6" label="unknown" type="frame">
        <resolution width="1600" height="1129"/>
        <property name="layer_index" value="0"/>
        <bands>
          <band/>
        </bands>
        <data_type>uint8</data_type>
        <calibration type="frame" class="adjusted">
          <resolution width="1600" height="1129"/>
          <f>1158.94452633363</f>
          <cx>85.0544045653292</cx>
          <cy>-85.5973697740967</cy>
          <k1>0.0945605728161548</k1>
          <k2>-0.477808896989625</k2>
          <k3>0.469812531237466</k3>
          <p1>-0.000563487945303851</p1>
          <p2>-0.0422043033027796</p2>
        </calibration>
      </sensor>
      <sensor id="7" label="unknown" type="frame">
        <resolution width="1600" height="1124"/>
        <property name="layer_index" value="0"/>
        <bands>
          <band/>
        </bands>
        <data_type>uint8</data_type>
        <rotation fixed="true"/>
      </sensor>
      <sensor id="8" label="unknown" type="frame">
        <resolution width="1600" height="1190"/>
        <property name="layer_index" value="0"/>
        <bands>
          <band/>
        </bands>
        <data_type>uint8</data_type>
        <calibration type="frame" class="adjusted">
          <resolution width="1600" height="1190"/>
          <f>2748.21947461003</f>
          <cx>-97.6389333172937</cx>
          <cy>-231.798294262269</cy>
          <k1>-22.6336884609392</k1>
          <k2>887.656392649404</k2>
          <k3>-8467.40295710832</k3>
          <p1>0.137298222788062</p1>
          <p2>0.0219363591827241</p2>
        </calibration>
      </sensor>
      <sensor id="9" label="unknown" type="frame">
        <resolution width="1600" height="1074"/>
        <property name="layer_index" value="0"/>
        <bands>
          <band/>
        </bands>
        <data_type>uint8</data_type>
        <calibration type="frame" class="adjusted">
          <resolution width="1600" height="1074"/>
          <f>2141.38524731041</f>
          <cx>13.796633530971</cx>
          <cy>222.392016999099</cy>
          <k1>1.81080255160121</k1>
          <k2>-58.0945643919982</k2>
          <k3>563.331416404602</k3>
          <p1>0.0108939533140384</p1>
          <p2>0.0102715618027321</p2>
        </calibration>
      </sensor>
      <sensor id="10" label="unknown" type="frame">
        <resolution width="1600" height="1137"/>
        <property name="layer_index" value="0"/>
        <bands>
          <band/>
        </bands>
        <data_type>uint8</data_type>
        <calibration type="frame" class="adjusted">
          <resolution width="1600" height="1137"/>
          <f>3153.15550556572</f>
          <cx>-284.237442036426</cx>
          <cy>216.441509561798</cy>
          <k1>-0.374568503855811</k1>
          <k2>14.163712012657</k2>
          <k3>-132.79742455127</k3>
          <p1>-0.0226037042219783</p1>
          <p2>0.000341096114684046</p2>
        </calibration>
      </sensor>
      <sensor id="11" label="unknown" type="frame">
        <resolution width="1600" height="1157"/>
        <property name="layer_index" value="0"/>
        <bands>
          <band/>
        </bands>
        <data_type>uint8</data_type>
        <calibration type="frame" class="adjusted">
          <resolution width="1600" height="1157"/>
          <f>4705.83704924045</f>
          <cx>60.2947317208192</cx>
          <cy>-2.89453143200625</cy>
          <k1>-10.4977800601867</k1>
          <k2>1297.38098713148</k2>
          <k3>-44942.5908713971</k3>
          <p1>-0.00113804630664397</p1>
          <p2>-0.0389141961434298</p2>
        </calibration>
      </sensor>
      <sensor id="12" label="unknown" type="frame">
        <resolution width="1200" height="1599"/>
        <property name="layer_index" value="0"/>
        <bands>
          <band/>
        </bands>
        <data_type>uint8</data_type>
        <calibration type="frame" class="adjusted">
          <resolution width="1200" height="1599"/>
          <f>2443.12024681859</f>
          <cx>6.85783823050809</cx>
          <cy>137.050661975188</cy>
          <k1>-1.79079322965941</k1>
          <k2>23.3133797787133</k2>
          <k3>-58.89322444708</k3>
          <p1>0.0416932392333973</p1>
          <p2>0.089417656017688</p2>
        </calibration>
      </sensor>
      <sensor id="13" label="unknown" type="frame">
        <resolution width="1600" height="1179"/>
        <property name="layer_index" value="0"/>
        <bands>
          <band/>
        </bands>
        <data_type>uint8</data_type>
        <calibration type="frame" class="adjusted">
          <resolution width="1600" height="1179"/>
          <f>4073.99748102471</f>
          <cx>180.80458040294</cx>
          <cy>-65.3396506720398</cy>
          <k1>2.90621575737963</k1>
          <k2>-94.6459697652964</k2>
          <k3>929.377919435391</k3>
          <p1>0.0791515628689714</p1>
          <p2>0.00700775931399858</p2>
        </calibration>
      </sensor>
      <sensor id="14" label="unknown" type="frame">
        <resolution width="1600" height="1172"/>
        <property name="layer_index" value="0"/>
        <bands>
          <band/>
        </bands>
        <data_type>uint8</data_type>
        <calibration type="frame" class="adjusted">
          <resolution width="1600" height="1172"/>
          <f>3814.71297138991</f>
          <cx>20.0549459108286</cx>
          <cy>-81.0379354840394</cy>
          <k1>5.81750616605783</k1>
          <k2>-550.916643281779</k2>
          <k3>14704.3395090924</k3>
          <p1>0.0173901238139781</p1>
          <p2>-0.0234446752222353</p2>
        </calibration>
      </sensor>
      <sensor id="15" label="unknown" type="frame">
        <resolution width="1600" height="1128"/>
        <property name="layer_index" value="0"/>
        <bands>
          <band/>
        </bands>
        <data_type>uint8</data_type>
        <calibration type="frame" class="adjusted">
          <resolution width="1600" height="1128"/>
          <f>2344.3280562841</f>
          <cx>178.570850437178</cx>
          <cy>-102.931079697916</cy>
          <k1>1.31910900866381</k1>
          <k2>-20.2316104623985</k2>
          <k3>120.297659223888</k3>
          <p1>0.106749134638385</p1>
          <p2>0.00788619686129147</p2>
        </calibration>
      </sensor>
      <sensor id="16" label="unknown" type="frame">
        <resolution width="1600" height="1125"/>
        <property name="layer_index" value="0"/>
        <bands>
          <band/>
        </bands>
        <data_type>uint8</data_type>
        <rotation fixed="true"/>
      </sensor>
      <sensor id="17" label="unknown" type="frame">
        <resolution width="1600" height="1126"/>
        <property name="layer_index" value="0"/>
        <bands>
          <band/>
        </bands>
        <data_type>uint8</data_type>
        <rotation fixed="true"/>
      </sensor>
      <sensor id="18" label="unknown" type="frame">
        <resolution width="1600" height="1164"/>
        <property name="layer_index" value="0"/>
        <bands>
          <band/>
        </bands>
        <data_type>uint8</data_type>
        <calibration type="frame" class="adjusted">
          <resolution width="1600" height="1164"/>
          <f>2550.1875946874</f>
          <cx>483.833428618355</cx>
          <cy>10.4418388057022</cy>
          <k1>-0.948145255174683</k1>
          <k2>4.81969844417092</k2>
          <k3>-10.3502865746981</k3>
          <p1>0.0190620847752884</p1>
          <p2>-0.0181126531787921</p2>
        </calibration>
      </sensor>
      <sensor id="19" label="unknown" type="frame">
        <resolution width="1600" height="1070"/>
        <property name="layer_index" value="0"/>
        <bands>
          <band/>
        </bands>
        <data_type>uint8</data_type>
        <calibration type="frame" class="adjusted">
          <resolution width="1600" height="1070"/>
          <f>2457.59785691122</f>
          <cx>109.837508203322</cx>
          <cy>114.42715064984</cy>
          <k1>-0.252518927103277</k1>
          <k2>5.45396137805604</k2>
          <k3>7.37916981209057</k3>
          <p1>0.0329168532439499</p1>
          <p2>-0.0150728575614722</p2>
        </calibration>
      </sensor>
      <sensor id="20" label="unknown" type="frame">
        <resolution width="1600" height="1186"/>
        <property name="layer_index" value="0"/>
        <bands>
          <band/>
        </bands>
        <data_type>uint8</data_type>
        <calibration type="frame" class="adjusted">
          <resolution width="1600" height="1186"/>
          <f>2106.32941220713</f>
          <cx>-2.58085538071418</cx>
          <cy>174.101978109585</cy>
          <k1>-0.70249945388583</k1>
          <k2>6.27402530796056</k2>
          <k3>-20.2693485296855</k3>
          <p1>0.014173851593436</p1>
          <p2>-0.0273699417493274</p2>
        </calibration>
      </sensor>
      <sensor id="21" label="unknown" type="frame">
        <resolution width="1181" height="1600"/>
        <property name="layer_index" value="0"/>
        <bands>
          <band/>
        </bands>
        <data_type>uint8</data_type>
        <calibration type="frame" class="adjusted">
          <resolution width="1181" height="1600"/>
          <f>1082.6500062459</f>
          <cx>46.1657719768826</cx>
          <cy>-6.68851667070793</cy>
          <k1>0.163400824527179</k1>
          <k2>-0.832228858748232</k2>
          <k3>1.54340072331746</k3>
          <p1>0.0129033027134471</p1>
          <p2>0.0147362540194133</p2>
        </calibration>
      </sensor>
      <sensor id="22" label="unknown" type="frame">
        <resolution width="1591" height="1208"/>
        <property name="layer_index" value="0"/>
        <bands>
          <band label="Red"/>
          <band label="Green"/>
          <band label="Blue"/>
        </bands>
        <data_type>uint8</data_type>
        <calibration type="frame" class="adjusted">
          <resolution width="1591" height="1208"/>
          <f>2833.35410310887</f>
          <cx>-139.898255716111</cx>
          <cy>110.326767139208</cy>
          <k1>-1.03788578376904</k1>
          <k2>41.1214197269359</k2>
          <k3>-346.914879077716</k3>
          <p1>-0.0242984399463621</p1>
          <p2>0.0184432317236052</p2>
        </calibration>
      </sensor>
    </sensors>
    <cameras next_id="25" next_group_id="0">
      <camera id="0" sensor_id="0" label="df_hauptkatalog_0003408"/>
      <camera id="1" sensor_id="1" label="df_hauptkatalog_0006045">
        <transform>5.3257155974334480e-001 2.0578325007366671e-001 8.2098769037157904e-001 -1.1419295819538995e+000 -4.8365701913964887e-002 -9.6100892335304700e-001 2.7225467510069862e-001 -3.2386370592439334e-001 8.4500194830006781e-001 -1.8470274287334287e-001 -5.0185316990545470e-001 -9.3490116203465123e-001 0 0 0 1</transform>
      </camera>
      <camera id="3" sensor_id="3" label="df_hauptkatalog_0006047">
        <transform>9.1416728791999569e-001 1.7365616610841697e-001 3.6625360840478538e-001 -9.6717465042887130e-001 9.4021816382923590e-002 -9.6978035128045725e-001 2.2513544437606597e-001 -3.1604570432415391e-001 3.9428171114199018e-001 -1.7137562908091331e-001 -9.0286894177176424e-001 -7.8630474267738015e-001 0 0 0 1</transform>
      </camera>
      <camera id="4" sensor_id="4" label="df_hauptkatalog_0006048">
        <transform>8.0370389655311314e-001 2.4975943968419057e-001 5.4007431799149963e-001 -8.8633458531948428e-001 4.6960556399985018e-002 -9.3143598326032773e-001 3.6086246026771818e-001 -2.8984114590829035e-001 5.9317345929158705e-001 -2.6466437496668449e-001 -7.6032757138982299e-001 -8.2728723275177629e-001 0 0 0 1</transform>
      </camera>
      <camera id="5" sensor_id="5" label="df_hauptkatalog_0008642"/>
      <camera id="6" sensor_id="6" label="df_hauptkatalog_0009984">
        <transform>-3.5948871013570183e-001 2.6100925752386417e-001 8.9590291592996307e-001 -9.2043135349292637e-001 -2.2931470092360198e-001 -9.5535410231617557e-001 1.8631507488116245e-001 -1.9561972403570960e-001 9.0453448537094949e-001 -1.3846554327519661e-001 4.0329227379186983e-001 -1.0647282262090214e+000 0 0 0 1</transform>
      </camera>
      <camera id="8" sensor_id="2" label="df_hauptkatalog_0041778"/>
      <camera id="9" sensor_id="8" label="df_hauptkatalog_0044644">
        <transform>9.3372884559697811e-001 2.5949120004613979e-001 2.4660648815217540e-001 -9.3208046847361792e-001 1.2518202446104928e-001 -8.8207146094362809e-001 4.5417991868928653e-001 -3.2450960467078893e-001 3.3538023742010797e-001 -3.9321019173895777e-001 -8.5609920071253665e-001 -7.7125002640553442e-001 0 0 0 1</transform>
      </camera>
      <camera id="10" sensor_id="9" label="df_hauptkatalog_0046406">
        <transform>4.8608765112857888e-001 1.9478881904157885e-001 8.5192494469682456e-001 -1.6556370966346539e+000 -3.4052802320247683e-002 -9.6988065416131231e-001 2.4118856386189447e-001 -4.7632980439489742e-001 8.7324635817988872e-001 -1.4624921422015252e-001 -4.6481390390730482e-001 -5.9443174529901022e-001 0 0 0 1</transform>
      </camera>
      <camera id="11" sensor_id="0" label="df_hauptkatalog_0055746">
        <transform>5.0725260473934553e-001 2.5396035319038535e-001 8.2352834437714695e-001 -1.6932910945665236e+000 -5.5260450507423634e-002 -9.4404226856108875e-001 3.2516223301568981e-001 -4.9688032688599287e-001 8.6002388199099833e-001 -2.1044793697598441e-001 -4.6483393618332758e-001 -5.4427038665385741e-001 0 0 0 1</transform>
      </camera>
      <camera id="12" sensor_id="10" label="df_hauptkatalog_0055747">
        <transform>5.8452485932590958e-001 1.9271468661210978e-001 7.8815717873659064e-001 -1.7186182891778703e+000 -4.0605864831007116e-002 -9.6321838593971210e-001 2.6563415580271671e-001 -4.8785360378174908e-001 8.1035908865844886e-001 -1.8727357141810563e-001 -5.5519974502601865e-001 -6.0344131224523478e-001 0 0 0 1</transform>
      </camera>
      <camera id="13" sensor_id="11" label="df_hauptkatalog_0055748">
        <transform>1.6745830477118817e-001 2.6832761000849364e-001 9.4866116705085468e-001 -2.0798851553070130e+000 -1.4698039448520023e-001 -9.4470020257746179e-001 2.9315233392739271e-001 -4.9438737675152522e-001 9.7486126182146293e-001 -1.8852538544512348e-001 -1.1875899647030030e-001 -9.5252509075764846e-001 0 0 0 1</transform>
      </camera>
      <camera id="14" sensor_id="12" label="df_hauptkatalog_0062386">
        <transform>6.6656182988510282e-001 2.4822957696954229e-001 7.0290639779258324e-001 -9.5718817372033860e-001 -3.6911970389763141e-002 -9.3078192739019971e-001 3.6370662639788437e-001 -3.2221388697551606e-001 7.4453531372404924e-001 -2.6837861457520612e-001 -6.1126106195023122e-001 -7.8413933038609562e-001 0 0 0 1</transform>
      </camera>
      <camera id="15" sensor_id="13" label="df_hauptkatalog_0137701">
        <transform>9.7550035685322134e-001 1.7476197568050852e-001 1.3363123001559812e-001 -8.9179785458867222e-001 1.3573575970680399e-001 -9.5613830815222367e-001 2.5956760048322697e-001 -4.1806780648910163e-001 1.7313248486651234e-001 -2.3506975037220060e-001 -9.5643471034038607e-001 -9.2113320411004049e-002 0 0 0 1</transform>
      </camera>
      <camera id="16" sensor_id="14" label="df_hauptkatalog_0137702">
        <transform>3.7353768453777780e-001 2.5233519546516536e-001 8.9263461021837609e-001 -1.7970043647481175e+000 -1.0715463696024609e-001 -9.4411017067364800e-001 3.1172723558985499e-001 -4.7088976293580598e-001 9.2140516712685805e-001 -2.1209180738569772e-001 -3.2562184083963819e-001 -7.4867263401362916e-001 0 0 0 1</transform>
      </camera>
      <camera id="17" sensor_id="15" label="df_hauptkatalog_0144291">
        <transform>9.7505698037846322e-001 1.6739221892773923e-001 1.4575229005981299e-001 -8.9655740681699558e-001 1.2743744988566422e-001 -9.5986398302928166e-001 2.4984161072527875e-001 -4.2658689397185129e-001 1.8172391527223614e-001 -2.2503550636646372e-001 -9.5725411437743035e-001 -6.4644595040679237e-002 0 0 0 1</transform>
      </camera>
      <camera id="18" sensor_id="16" label="df_hauptkatalog_0170639"/>
      <camera id="19" sensor_id="17" label="df_hauptkatalog_0170640"/>
      <camera id="20" sensor_id="18" label="df_hauptkatalog_0282298">
        <transform>3.2618182842151278e-001 1.8741476515347807e-001 9.2654256276226488e-001 -1.6723951999981161e+000 -1.6121194493198435e-001 -9.5476306135229960e-001 2.4987638041325932e-001 -4.8446829704190281e-001 9.3145913684865722e-001 -2.3087486324771628e-001 -2.8121286226185060e-001 -5.9633106026819449e-001 0 0 0 1</transform>
      </camera>
      <camera id="21" sensor_id="19" label="df_hauptkatalog_0353561">
        <transform>4.7357160216021921e-001 2.0907137528856351e-001 8.5558114615876857e-001 -1.6693989154940976e+000 -7.0925739291003320e-002 -9.5921005868093900e-001 2.7365233934928102e-001 -4.7298863276503439e-001 8.7789491235194439e-001 -1.9027670209528555e-001 -4.3942610244080171e-001 -6.2058816220357560e-001 0 0 0 1</transform>
      </camera>
      <camera id="22" sensor_id="20" label="df_hauptkatalog_0401639">
        <transform>8.7615160386771418e-001 1.9581328786284874e-001 4.4047193251826294e-001 -1.0033673680272459e+000 8.2958150590004720e-002 -9.6139293963264350e-001 2.6237675368673663e-001 -3.3909858557835709e-001 4.7484346082758494e-001 -1.9334107665171804e-001 -8.5857027422828724e-001 -7.1664733036218686e-001 0 0 0 1</transform>
      </camera>
      <camera id="23" sensor_id="21" label="df_hauptkatalog_0401640">
        <transform>7.9156922995368595e-001 2.4322381273626950e-001 5.6058927131060987e-001 -8.5619913887248900e-001 1.1087062540571929e-002 -9.2294066239959061e-001 3.8478254993388983e-001 -2.1634419221820597e-001 6.1097891226682266e-001 -2.9836673844019057e-001 -7.3326806705175229e-001 -1.0394066284769701e+000 0 0 0 1</transform>
      </camera>
      <camera id="24" sensor_id="22" label="df_pos-2016-c_0000037">
        <transform>5.7727832014597602e-001 1.7217055850200857e-001 7.9818985202428239e-001 -1.6897015058324176e+000 -3.8690584922432367e-002 -9.7065257823275142e-001 2.3735334631825264e-001 -4.8388834043424644e-001 8.1563029598452219e-001 -1.6790137329759627e-001 -5.5367531019269922e-001 -5.7785792630312505e-001 0 0 0 1</transform>
      </camera>
    </cameras>
    <markers next_id="81" next_group_id="0">
      <marker id="0" label="tower_front_right"/>
      <marker id="1" label="tower_front_left"/>
      <marker id="2" label="tower_back_left"/>
      <marker id="3" label="spire_church"/>
      <marker id="4" label="tower_back_right"/>
      <marker id="5" label="gate_front_left"/>
      <marker id="6" label="gate_front_right"/>
      <marker id="7" label="gate_back_left"/>
      <marker id="8" label="gate_back_right"/>
      <marker id="9" label="church_roof_front_left"/>
      <marker id="10" label="church_roof_back_left"/>
      <marker id="11" label="church_roof_top_left"/>
      <marker id="12" label="clock_front"/>
      <marker id="13" label="roof_front_left"/>
      <marker id="14" label="roof_front_right"/>
      <marker id="15" label="roof_front_top"/>
      <marker id="16" label="roof_back_top"/>
      <marker id="17" label="roof_back_left"/>
      <marker id="18" label="roof_back_right"/>
      <marker id="19" label="front_first_floor_window_middle"/>
      <marker id="20" label="front_second_floor_window_middel"/>
      <marker id="21" label="front_third_floor_window_middel"/>
      <marker id="22" label="front_fourth_floor_window_middel"/>
      <marker id="23" label="front_right_tower_window_top"/>
      <marker id="24" label="front_left_tower_window_top"/>
      <marker id="25" label="back_right_tower_window_top"/>
      <marker id="26" label="back_left_tower_window_top"/>
      <marker id="27" label="back_fourth_floor_window_middel"/>
      <marker id="28" label="back_third_floor_window_middel"/>
      <marker id="29" label="back_second_floor_window_middel"/>
      <marker id="30" label="back_first_floor_window_middel"/>
      <marker id="31" label="right_wing_roof_front"/>
      <marker id="32" label="right_wing_roof_back"/>
      <marker id="33" label="right_wing_roof_top_left"/>
      <marker id="34" label="right_wing_roof_top_right"/>
      <marker id="35" label="church_roof_front_right"/>
      <marker id="36" label="church_roof_top_right"/>
      <marker id="37" label="church_roof_back_right"/>
      <marker id="38" label="lower_roof_front_middle_right"/>
      <marker id="39" label="lower_roof_front_middle_left"/>
      <marker id="40" label="lower_roof_front_right"/>
      <marker id="41" label="lower_roof_front_left"/>
      <marker id="42" label="lower_roof_back_right"/>
      <marker id="43" label="lower_roof_back_middle_right"/>
      <marker id="44" label="lower_roof_back_middle_left"/>
      <marker id="45" label="lower_roof_back_left"/>
      <marker id="46" label="front_right_tower_round_window_tl">
        <reference x="-0.788837313652039" y="-0.144651293754578" z="-0.977215826511383" enabled="false"/>
      </marker>
      <marker id="47" label="balcony_left_bottom_corner">
        <reference x="-0.70913702249527" y="-0.178230762481689" z="-1.06064605712891" enabled="false"/>
      </marker>
      <marker id="48" label="right_chimney">
        <reference x="-0.788282990455627" y="-0.160969033837318" z="-1.01387190818787" enabled="false"/>
      </marker>
      <marker id="49" label="front_right_tower_window_bottom">
        <reference x="-0.743394911289215" y="-0.196333691477776" z="-1.0450713634491" enabled="false"/>
      </marker>
      <marker id="50" label="left_chimney">
        <reference x="-0.795850574970245" y="-0.142031103372574" z="-1.05690777301788" enabled="false"/>
      </marker>
      <marker id="51" label="right_statue_platform">
        <reference x="-0.6301429271698" y="-0.218516021966934" z="-1.0162045955658" enabled="false"/>
      </marker>
      <marker id="52" label="gate_window_right_bottom">
        <reference x="-0.78636360168457" y="-0.186055943369865" z="-1.08094966411591" enabled="false"/>
      </marker>
      <marker id="53" label="gate_window_right_middle">
        <reference x="-0.800499558448792" y="-0.165625497698784" z="-1.07031118869781" enabled="false"/>
      </marker>
      <marker id="54" label="gate_window_right_top">
        <reference x="-0.810009181499481" y="-0.155442371964455" z="-1.0641827583313" enabled="false"/>
      </marker>
      <marker id="55" label="gate_window_left_bottom">
        <reference x="-0.822814762592316" y="-0.137104198336601" z="-1.27130341529846" enabled="false"/>
      </marker>
      <marker id="56" label="gate_window_left_middle">
        <reference x="-0.838430821895599" y="-0.071075327694416" z="-1.2387478351593" enabled="false"/>
      </marker>
      <marker id="57" label="gate_window_left_top">
        <reference x="-0.852225422859192" y="-0.153634563088417" z="-1.09625148773193" enabled="false"/>
      </marker>
      <marker id="58" label="sphere_left">
        <reference x="-0.832740604877472" y="-0.207834303379059" z="-1.08847045898438" enabled="false"/>
      </marker>
      <marker id="59" label="sphere_right">
        <reference x="-0.812055706977844" y="-0.205517917871475" z="-1.0875518321991" enabled="false"/>
      </marker>
      <marker id="60" label="crown">
        <reference x="-0.8256516456604" y="-0.170339211821556" z="-1.08785390853882" enabled="false"/>
      </marker>
      <marker id="61" label="statue_far_right">
        <reference x="-0.620648264884949" y="-0.195999637246132" z="-0.981753706932068" enabled="false"/>
      </marker>
      <marker id="62" label="front_tower_window_middle_tr">
        <reference x="-0.713385701179504" y="-0.145822420716286" z="-1.05898034572601" enabled="false"/>
      </marker>
      <marker id="63" label="tower_front_right_window">
        <reference x="-0.773149490356445" y="-0.109392128884792" z="-0.968420624732971" enabled="false"/>
      </marker>
      <marker id="64" label="balcony_window_tr">
        <reference x="-0.752979576587677" y="-0.180879026651382" z="-1.04650509357452" enabled="false"/>
      </marker>
      <marker id="65" label="front_roof_right">
        <reference x="-0.767443239688873" y="-0.157431289553642" z="-1.03158569335938" enabled="false"/>
      </marker>
      <marker id="66" label="front_roof_middle">
        <reference x="-0.777301490306854" y="-0.153232991695404" z="-1.04450559616089" enabled="false"/>
      </marker>
      <marker id="67" label="front_roof_left">
        <reference x="-0.788434505462646" y="-0.15350566804409" z="-1.05014026165009" enabled="false"/>
      </marker>
      <marker id="68" label="sphere_tower_left_window">
        <reference x="-0.792138338088989" y="-0.147089198231697" z="-0.981782257556915" enabled="false"/>
      </marker>
      <marker id="69" label="sphere_tower_right_window">
        <reference x="-0.759502470493317" y="-0.1490698158741" z="-0.952166378498077" enabled="false"/>
      </marker>
      <marker id="70" label="front_tower_right_window_middle_tl">
        <reference x="-0.694768488407135" y="-0.129434540867805" z="-1.03488552570343" enabled="false"/>
      </marker>
      <marker id="71" label="left_tower_left_round_window"/>
      <marker id="72" label="church_left_round_window"/>
      <marker id="73" label="church_middle_window_bottom"/>
      <marker id="74" label="church_right_window"/>
      <marker id="75" label="church_right_chimney">
        <reference x="-0.945344150066376" y="-0.156857118010521" z="-1.11243605613709" enabled="false"/>
      </marker>
      <marker id="76" label="annex_top_window">
        <reference x="-0.943668603897095" y="-0.188879087567329" z="-1.10829782485962" enabled="false"/>
      </marker>
      <marker id="77" label="left_tower_left_sphere"/>
      <marker id="78" label="left_tower_sec_left_sphere"/>
      <marker id="79" label="back_left_tower_round_window"/>
      <marker id="80" label="back_left_tower_roof">
        <reference x="-0.876340746879578" y="-0.0885334685444832" z="-1.25565314292908" enabled="false"/>
      </marker>
    </markers>
    <reference>LOCAL_CS["Local Coordinates (m)",LOCAL_DATUM["Local Datum",0],UNIT["metre",1,AUTHORITY["EPSG","9001"]]]</reference>
    <region>
      <center>-8.4636687012051337e-001 -1.5539506552329646e-001 -1.0825838400850634e+000</center>
      <size>5.1413304513941194e-001 3.1704436323295038e-001 1.9341458982477588e-001</size>
      <R>-6.9149115963816299e-001 -2.3226610014434237e-002 -7.2201142700756904e-001 -6.4723139571857125e-001 -4.2397538367503396e-001 6.3351116362207693e-001 -3.2082938852053328e-001 9.0537583280361822e-001 2.7814223849803105e-001</R>
    </region>
    <settings>
      <property name="accuracy_tiepoints" value="1"/>
      <property name="accuracy_cameras" value="10"/>
      <property name="accuracy_cameras_ypr" value="10"/>
      <property name="accuracy_markers" value="0.005"/>
      <property name="accuracy_scalebars" value="0.001"/>
      <property name="accuracy_projections" value="0.1"/>
    </settings>
    <meta>
      <property name="AlignCameras/adaptive_fitting" value="false"/>
      <property name="AlignCameras/duration" value="1.999"/>
      <property name="AlignCameras/network_distribute" value="true"/>
      <property name="AlignCameras/reset_alignment" value="false"/>
      <property name="OptimizeCameras/sigma0" value="7.00319213204985"/>
    </meta>
    <frames next_id="1">
      <frame id="0">
        <markers>
          <marker marker_id="0">
            <location camera_id="0" pinned="true" x="1004.18" y="229.247"/>
            <location camera_id="1" pinned="true" x="1315.03" y="308.899"/>
            <location camera_id="3" pinned="true" x="1324.76" y="137.827"/>
            <location camera_id="4" pinned="true" x="530.27" y="90.7285"/>
            <location camera_id="5" pinned="true" x="1117.84" y="222.818"/>
            <location camera_id="6" pinned="true" x="935.472" y="36.8893"/>
            <location camera_id="8" pinned="true" x="1115.66" y="583.899"/>
            <location camera_id="10" pinned="true" x="1001.9" y="458.633"/>
            <location camera_id="11" pinned="true" x="926.435" y="627.109"/>
            <location camera_id="12" pinned="true" x="1219.74" y="413.056"/>
            <location camera_id="13" pinned="true" x="1343.56" y="501.088"/>
            <location camera_id="14" pinned="true" x="449.157" y="149.869"/>
            <location camera_id="15" pinned="true" x="1022.38" y="172.012"/>
            <location camera_id="16" pinned="true" x="1304.93" y="335.517"/>
            <location camera_id="17" pinned="true" x="979.321" y="236.402"/>
            <location camera_id="18" pinned="true" x="1320.42" y="170.035"/>
            <location camera_id="19" pinned="true" x="1174.14" y="306.52"/>
            <location camera_id="20" pinned="true" x="1001.48" y="315.621"/>
            <location camera_id="21" pinned="true" x="1129.38" y="392.181"/>
            <location camera_id="22" pinned="true" x="1352.08" y="16.3202"/>
            <location camera_id="24" pinned="true" x="1176.75" y="306.327"/>
          </marker>
          <marker marker_id="1">
            <location camera_id="0" pinned="true" x="661.466" y="251.21"/>
            <location camera_id="1" pinned="true" x="593.335" y="57.0918"/>
            <location camera_id="3" pinned="true" x="297.442" y="150.635"/>
            <location camera_id="5" pinned="true" x="572.386" y="179.211"/>
            <location camera_id="8" pinned="true" x="1297.68" y="560.638"/>
            <location camera_id="10" pinned="true" x="611.686" y="401.06"/>
            <location camera_id="11" pinned="true" x="581.888" y="584.556"/>
            <location camera_id="12" pinned="true" x="694.186" y="356.775"/>
            <location camera_id="13" pinned="true" x="947.528" y="416.764"/>
            <location camera_id="15" pinned="true" x="216.42" y="214.468"/>
            <location camera_id="16" pinned="true" x="753.819" y="256.073"/>
            <location camera_id="17" pinned="true" x="533.28" y="262.571"/>
            <location camera_id="18" pinned="true" x="326.327" y="199.599"/>
            <location camera_id="19" pinned="true" x="461.647" y="319.824"/>
            <location camera_id="20" pinned="true" x="579.174" y="279.619"/>
            <location camera_id="21" pinned="true" x="696.994" y="339.978"/>
            <location camera_id="24" pinned="true" x="685.351" y="255.733"/>
          </marker>
          <marker marker_id="2">
            <location camera_id="0" pinned="true" x="828.477" y="296.509"/>
            <location camera_id="1" pinned="true" x="263.602" y="405.435"/>
            <location camera_id="3" pinned="true" x="495.607" y="468.514"/>
            <location camera_id="5" pinned="true" x="286.353" y="279.729"/>
            <location camera_id="8" pinned="true" x="1025.52" y="544.936"/>
            <location camera_id="9" pinned="true" x="430.422" y="280.414"/>
            <location camera_id="10" pinned="true" x="390.701" y="460.959"/>
            <location camera_id="11" pinned="true" x="400.234" y="640.379"/>
            <location camera_id="12" pinned="true" x="373.889" y="451.034"/>
            <location camera_id="13" pinned="true" x="297.365" y="488.294"/>
            <location camera_id="15" pinned="true" x="544.983" y="321.241"/>
            <location camera_id="16" pinned="true" x="243.266" y="358.85"/>
            <location camera_id="17" pinned="true" x="716.035" y="321.241"/>
            <location camera_id="18" pinned="true" x="514.799" y="486.372"/>
            <location camera_id="19" pinned="true" x="593.946" y="528.251"/>
            <location camera_id="20" pinned="true" x="342.28" y="365.304"/>
            <location camera_id="21" pinned="true" x="439.616" y="415.031"/>
            <location camera_id="22" pinned="true" x="401.09" y="303.684"/>
            <location camera_id="24" pinned="true" x="411.445" y="338.893"/>
          </marker>
          <marker marker_id="3">
            <location camera_id="0" pinned="true" x="725.067" y="234.738"/>
            <location camera_id="1" pinned="true" x="329.54" y="146.87"/>
            <location camera_id="3" pinned="true" x="361.801" y="257.464"/>
            <location camera_id="5" pinned="true" x="377.263" y="154.82"/>
            <location camera_id="8" pinned="true" x="1187.19" y="511.207"/>
            <location camera_id="10" pinned="true" x="463.975" y="371.402"/>
            <location camera_id="11" pinned="true" x="458.802" y="563.965"/>
            <location camera_id="12" pinned="true" x="482.333" y="326.576"/>
            <location camera_id="13" pinned="true" x="582.434" y="356.73"/>
            <location camera_id="15" pinned="true" x="335.077" y="181.45"/>
            <location camera_id="16" pinned="true" x="441.599" y="211.628"/>
            <location camera_id="17" pinned="true" x="598.994" y="243.962"/>
            <location camera_id="18" pinned="true" x="381.021" y="286.074"/>
            <location camera_id="19" pinned="true" x="499.341" y="381.908"/>
            <location camera_id="20" pinned="true" x="416.804" y="258.378"/>
            <location camera_id="21" pinned="true" x="525.181" y="310.706"/>
            <location camera_id="22" pinned="true" x="265.833" y="64.9533"/>
            <location camera_id="24" pinned="true" x="500.421" y="225.493"/>
          </marker>
          <marker marker_id="4">
            <location camera_id="0" pinned="true" x="1137.79" y="280.494"/>
            <location camera_id="3" pinned="true" x="1099.26" y="466.455"/>
            <location camera_id="5" pinned="true" x="778.596" y="308.554"/>
            <location camera_id="8" pinned="true" x="853.386" y="569.942"/>
            <location camera_id="9" pinned="true" x="1343.79" y="271.299"/>
            <location camera_id="10" pinned="true" x="747.185" y="505.156"/>
            <location camera_id="11" pinned="true" x="713.209" y="671.493"/>
            <location camera_id="12" pinned="true" x="853.992" y="492.083"/>
            <location camera_id="13" pinned="true" x="739.918" y="561.568"/>
            <location camera_id="14" pinned="true" x="160.071" y="599.073"/>
            <location camera_id="15" pinned="true" x="1254.05" y="294.405"/>
            <location camera_id="17" pinned="true" x="1107.87" y="302.176"/>
            <location camera_id="18" pinned="true" x="1120.86" y="473.807"/>
            <location camera_id="19" pinned="true" x="1029.25" y="522.115"/>
            <location camera_id="20" pinned="true" x="725.342" y="387.625"/>
            <location camera_id="21" pinned="true" x="833.442" y="453.025"/>
            <location camera_id="22" pinned="true" x="1135.37" y="318.637"/>
            <location camera_id="24" pinned="true" x="854.579" y="378.438"/>
          </marker>
          <marker marker_id="5">
            <location camera_id="0" pinned="true" x="839.857" y="447.572"/>
            <location camera_id="1" pinned="true" x="839.082" y="717.592"/>
            <location camera_id="3" pinned="true" x="741.062" y="716.573"/>
            <location camera_id="5" pinned="true" x="760.053" y="551.819"/>
            <location camera_id="6" pinned="true" x="141.156" y="957.514"/>
            <location camera_id="10" pinned="true" x="729.623" y="682.734"/>
            <location camera_id="11" pinned="true" x="694.751" y="825.313"/>
            <location camera_id="12" pinned="true" x="859.87" y="735.414"/>
            <location camera_id="15" pinned="true" x="611.15" y="666.672"/>
            <location camera_id="16" pinned="true" x="898.245" y="719.688"/>
            <location camera_id="17" pinned="true" x="754.415" y="512.628"/>
            <location camera_id="18" pinned="true" x="768.622" y="738.334"/>
            <location camera_id="19" pinned="true" x="774.715" y="709.688"/>
            <location camera_id="20" pinned="true" x="726.791" y="586.617"/>
            <location camera_id="21" pinned="true" x="831.751" y="652.736"/>
            <location camera_id="22" pinned="true" x="702.935" y="622.413"/>
            <location camera_id="23" pinned="true" x="328.454" y="878.823"/>
            <location camera_id="24" pinned="true" x="847.114" y="598.796"/>
          </marker>
          <marker marker_id="6">
            <location camera_id="1" pinned="true" x="908.484" y="723.258"/>
            <location camera_id="3" pinned="true" x="833.408" y="716.856"/>
